155 327 167 354 1984 tick_label 
172 327 185 354 1985 tick_label 
189 327 201 354 1986 tick_label 
205 327 218 354 1987 tick_label 
223 327 235 354 1988 tick_label 
239 327 252 354 1989 tick_label 
257 327 269 354 1990 tick_label 
273 327 286 353 1991 tick_label 
290 327 302 354 1992 tick_label 
307 327 320 354 1993 tick_label 
324 327 336 354 1994 tick_label 
340 327 353 354 1995 tick_label 
358 327 370 354 1996 tick_label 
374 327 387 354 1997 tick_label 
392 328 404 354 1998 tick_label 
408 327 421 354 1999 tick_label 
425 326 438 354 2000 tick_label 
442 326 455 353 2001 tick_label 
459 326 471 354 2002 tick_label 
475 326 488 354 2003 tick_label 
493 326 505 354 2004 tick_label 
509 326 522 354 2005 tick_label 
527 326 539 354 2006 tick_label 
543 326 556 354 2007 tick_label 
560 326 573 354 2008 tick_label 
578 326 590 354 2009 tick_label 
594 326 607 354 2010 tick_label 
611 326 623 353 2011 tick_label 
628 326 641 354 2012 tick_label 
645 326 657 354 2013 tick_label 
662 326 675 354 2014 tick_label 
679 326 691 354 2015 tick_label 
695 326 708 354 2016 tick_label 
719 313 728 326 0 tick_label 
721 274 742 286 100 tick_label 
720 235 742 247 200 tick_label 
720 196 742 208 300 tick_label 
720 156 742 168 400 tick_label 
720 117 742 129 500 tick_label 
720 78 742 90 600 tick_label 
720 38 742 50 700 tick_label 
720 0 742 11 800 tick_label 
749 99 768 235 N° publications axis_title 
3 327 16 354 1974 tick_label 
20 327 32 354 1976 tick_label 
37 327 50 354 1977 tick_label 
54 327 66 354 1978 tick_label 
70 327 83 354 1979 tick_label 
88 327 100 354 1980 tick_label 
104 327 117 353 1981 tick_label 
122 327 134 354 1982 tick_label 
138 327 151 354 1983 tick_label 
