221 244 238 255
224 483 301 494
221 38 241 48
220 373 301 384
221 101 228 112
222 212 230 224
222 229 231 239
221 38 241 48
221 325 268 335
222 484 278 494
221 452 253 463
221 293 261 303
222 356 291 367
221 117 253 128
221 245 239 255
221 340 281 351
221 420 250 431
221 308 267 319
221 53 274 64
221 86 348 96
222 277 254 287
221 404 242 415
221 388 242 399
221 260 241 271
222 134 598 143
221 436 252 447
221 165 271 176
222 531 405 542
222 181 307 192
221 149 262 160
222 372 301 383
222 69 344 81
221 468 274 479
222 516 356 527
222 500 325 511
222 197 314 207
