314 565 599 576
320 519 695 531
325 148 661 160
317 70 696 81
325 488 668 498
319 322 574 332
333 131 701 142
318 529 651 539
319 188 616 198
314 141 673 151
314 251 565 262
320 512 698 522
316 575 706 586
318 155 672 164
315 62 650 73
315 191 685 201
320 458 702 467
314 455 709 466
320 122 709 131
318 85 671 95
322 326 626 336
315 441 693 450
318 183 631 192
318 59 651 67
323 308 560 321
319 157 681 166
319 94 670 103
319 129 670 139
316 262 649 272
320 581 699 591
314 261 570 270
321 280 603 290
321 316 676 326
312 554 706 564
318 209 668 219
319 67 679 76
316 306 567 316
315 120 676 129
317 396 638 406
311 306 691 316
315 466 668 476
320 405 626 415
325 520 699 530
318 492 677 501
315 431 679 441
318 387 692 396
325 333 633 343
321 271 659 281
320 529 647 539
318 342 564 352
315 590 665 600
321 377 606 387
318 191 642 201
318 254 561 264
322 368 694 378
318 501 563 511
317 440 564 449
318 564 584 574
320 243 612 253
317 218 585 228
