274 98 346 108
271 17 390 28
277 94 348 107
276 141 280 151
275 363 337 374
675 228 681 274
275 408 279 417
276 169 414 179
276 110 325 121
276 435 283 446
674 183 682 220
275 310 285 319
276 324 290 333
275 282 287 291
276 240 290 249
276 253 315 263
275 183 394 193
275 113 320 123
274 127 443 136
275 98 341 108
275 211 298 221
275 365 331 375
276 1 330 10
275 43 308 52
275 85 376 95
276 155 403 164
275 14 358 24
276 422 331 432
274 70 443 80
274 197 619 207
276 450 355 460
275 225 388 235
275 295 316 305
276 28 445 39
275 352 341 361
275 338 307 347
273 380 521 389
276 56 332 66
275 394 333 404
276 267 375 277
