282 361 453 373
282 13 345 22
281 54 296 63
289 100 599 117
280 22 342 33
283 11 336 22
279 327 571 338
281 466 426 476
285 293 600 304
278 311 575 321
284 198 431 209
281 249 295 262
281 130 345 140
281 242 296 255
283 294 596 305
281 140 324 150
281 360 449 372
280 256 294 266
282 410 287 420
280 322 557 333
280 437 454 447
280 168 511 179
283 350 465 360
281 283 614 294
283 476 443 485
281 448 436 458
281 25 330 35
281 141 323 150
280 235 294 245
281 64 297 74
285 273 648 284
284 91 684 102
280 81 577 91
281 371 478 381
283 333 588 343
281 43 302 53
281 427 447 437
282 158 535 168
281 4 326 14
281 130 351 140
282 102 580 112
282 120 330 130
281 487 394 496
281 15 360 24
281 206 417 217
282 179 579 189
282 217 483 227
283 197 435 207
