425 196 544 216
271 341 441 364
423 187 670 205
311 279 566 296
217 369 282 386
487 370 673 387
222 370 274 387
220 218 424 236
632 158 729 174
651 370 729 387
654 188 729 204
291 339 472 357
451 279 550 296
548 309 628 326
304 310 470 327
469 309 548 326
67 339 293 356
360 369 519 387
67 218 217 236
224 370 359 387
543 158 632 175
278 127 462 145
472 6 548 23
654 67 731 83
471 339 544 357
351 400 541 418
67 370 222 387
231 67 425 84
547 127 638 144
542 400 720 417
208 97 415 114
544 339 636 357
153 400 262 418
298 249 467 266
254 36 454 53
285 6 472 24
67 309 307 326
428 218 555 235
673 97 733 114
413 96 561 114
66 188 251 205
640 128 731 144
67 7 287 23
248 188 421 205
663 36 732 53
468 248 544 266
484 157 543 175
68 36 254 53
68 158 304 174
286 279 450 296
66 97 207 114
559 67 655 84
302 157 486 175
636 340 729 356
67 249 298 265
549 279 640 296
67 67 233 83
626 309 729 326
67 400 153 418
67 127 278 144
624 249 730 266
561 37 665 53
547 6 636 23
461 127 547 145
658 219 728 235
562 97 673 114
519 370 652 387
262 400 351 418
419 188 534 205
66 279 287 296
641 279 729 296
533 188 655 205
457 36 560 53
556 218 658 236
544 248 625 266
636 6 732 23
425 66 558 84
