420 360 457 371
419 184 459 194
419 95 514 107
409 329 421 339
420 423 435 434
421 314 459 324
421 282 436 292
399 471 420 480
421 79 443 88
420 393 443 402
422 63 619 72
421 141 455 150
420 439 459 449
421 94 503 103
420 298 475 308
420 360 457 370
420 486 471 496
420 377 452 386
420 266 450 276
356 408 421 417
421 125 463 135
321 345 421 355
420 188 474 198
420 47 569 56
421 156 492 166
421 502 474 512
421 204 480 214
309 220 421 229
421 235 449 245
421 172 448 182
420 109 539 119
422 455 589 465
421 250 530 261
