32 12 534 17
34 344 75 350
32 214 126 219
21 77 361 85
38 86 386 92
34 352 60 358
33 377 50 383
35 85 367 91
36 67 362 72
32 81 355 86
33 303 78 309
40 29 387 35
33 285 81 290
33 376 51 382
32 323 73 330
29 68 386 73
37 82 353 88
27 68 396 74
36 178 270 184
35 26 381 32
34 12 542 18
33 292 131 297
32 50 413 55
33 321 70 327
28 31 508 37
37 25 381 31
34 381 57 386
33 357 52 362
32 172 193 178
33 7 289 12
33 265 103 270
33 283 82 289
33 155 163 160
33 375 47 380
32 104 372 110
32 325 80 331
32 345 76 350
33 301 74 307
34 117 192 123
32 44 241 49
33 136 188 142
33 338 54 344
33 197 272 202
32 99 220 105
33 246 108 252
33 307 109 312
28 123 348 129
33 228 129 233
32 191 195 197
34 363 63 368
33 159 284 165
33 210 115 215
32 289 135 294
34 215 228 220
31 233 192 239
32 62 240 68
33 252 192 257
33 270 189 275
32 141 288 147
