140 316 261 324
47 218 58 224
42 23 53 29
42 334 66 342
68 327 183 335
50 23 78 30
43 202 104 209
50 380 69 386
48 56 59 62
46 397 68 402
51 55 60 62
41 55 50 61
41 250 55 257
45 218 57 224
45 55 57 62
90 120 224 126
148 234 156 240
96 138 273 144
42 218 53 224
42 120 51 127
42 397 51 402
41 55 51 62
42 283 51 289
42 380 51 387
41 23 50 29
42 267 51 273
76 23 86 29
590 137 599 144
50 397 68 403
42 250 51 257
81 137 298 143
41 185 59 192
209 331 219 338
42 364 51 370
42 234 77 241
77 169 95 176
50 380 68 387
50 250 77 257
43 169 77 176
110 153 176 159
42 137 59 144
51 23 78 29
42 348 68 354
103 71 166 78
52 266 122 273
174 331 209 337
50 283 78 289
42 202 104 208
309 136 591 144
69 380 86 387
42 331 59 338
41 72 104 79
76 283 113 289
103 201 156 208
228 6 245 13
43 153 113 159
98 315 342 322
95 299 174 306
67 348 113 354
60 331 174 338
95 39 174 46
42 88 111 94
43 315 95 322
77 234 147 241
112 88 193 94
51 120 121 127
122 266 191 273
43 40 96 46
42 7 68 13
342 315 628 322
121 120 209 127
70 7 174 13
113 104 192 110
43 104 113 111
42 299 95 306
175 7 228 13
