144 7 175 15 1.0073111291632817
144 24 175 32 1.0073111291632817
144 41 175 49 1.0073111291632817
144 58 175 66 1.0073111291632817
144 75 175 83 1.0073111291632817
144 92 175 100 1.0073111291632817
144 108 175 116 1.0073111291632817
144 125 175 133 1.0073111291632817
144 142 175 150 1.0073111291632817
144 159 206 167 2.0146222583265634
144 176 206 184 2.0146222583265634
144 193 236 201 2.989439480097482
144 210 267 218 3.9967506092607628
144 227 267 235 3.9967506092607628
144 244 267 252 3.9967506092607628
144 261 267 269 3.9967506092607628
144 277 390 285 7.9935012185215255
144 294 390 302 7.9935012185215255
