286 45 704 58 515.636
286 81 493 94 255.86454
286 117 461 130 216.79321
286 153 421 166 168.82953
286 189 406 202 150.28053
286 225 394 238 134.83666
286 261 391 274 131.21813
286 297 388 310 127.20409
286 333 384 346 123.14724
286 369 378 382 116.79025
286 405 377 418 113.51106
286 441 370 454 105.53546
286 477 367 490 102.61833
286 513 362 526 96.98401
286 549 360 562 93.23057
286 585 356 598 88.22903
286 621 353 634 84.72449
286 657 350 670 81.6987
286 693 350 706 81.22275
286 729 346 742 76.6534
286 765 345 778 75.63913
