234 20 242 41 3.161558324912989
242 20 246 41 13.041428090266079
246 20 288 41 20.154934321320304
234 74 267 95 32.40597283035814
267 74 321 95 65.99753003255866
321 74 507 95 18.57415515886381
234 127 285 148 20.154934321320304
285 127 331 148 13.041428090266079
331 127 412 148 1.5807791624564946
234 181 316 202 21.34051869316267
316 181 353 202 18.17896036824969
353 181 442 202 14.622207252722582
234 235 401 256 43.076232176939484
401 235 510 256 74.29662063545526
510 235 772 256 7.903895812282471
234 288 281 310 0.39519479061412355
281 288 469 310 16.59818120579319
469 288 606 310 73.50623105422703
234 342 285 363 32.010778039744025
285 342 305 363 35.17233636465701
305 342 442 363 103.5410351409004
234 396 267 417 54.141686314134986
267 396 268 417 54.14168631413496
268 396 269 417 0.39519479061412355
