130 12 498 24 73.06884569857573
130 40 740 52 121.11955401122607
130 69 377 81 49.04349154225056
130 97 397 109 53.01462446065141
130 125 377 137 49.04349154225056
130 154 332 166 40.10844247584864
130 182 240 194 21.8412310512047
130 210 271 222 27.996487074726023
130 238 442 250 61.949673527053335
130 267 382 279 50.03627477185077
130 295 316 307 36.93153614112795
130 323 356 335 44.87380197792966
130 352 341 364 41.895452289129025
130 380 240 392 21.8412310512047
130 408 346 420 42.88823551872924
