254 11 265 22 327.939964429792
254 22 254 33 7979.872467791611
254 50 510 60 640.2637400772129
254 60 277 72 1202.446536242571
254 88 275 99 296.7075868650499
254 99 258 110 1202.446536242571
254 126 293 138 390.4047195592762
254 138 260 148 4263.2195375873
254 165 264 176 390.4047195592762
254 176 256 187 265.4752093003078
254 204 293 214 78.08094391185523
254 214 259 226 1077.5170259836025
254 242 267 253 -15.616188782371047
254 253 256 264 702.7284952066972
254 280 391 292 109.31332147659734
254 292 273 302 171.77807660608153
254 319 267 330 62.46475512948419
254 330 257 341 140.54569904133942
254 358 263 368 62.46475512948419
254 368 254 380 577.7989849477287
254 396 257 407 78.08094391185523
254 407 254 418 -15.616188782371047
254 434 289 446 -15.616188782371047
254 446 258 456 109.31332147659734
