350 9 375 28 1.531728665207872
350 28 356 47 1.794310722100651
350 52 381 71 21.92560175054704
350 71 357 90 43.982494529540475
350 94 484 113 3.5448577680525153
350 113 434 132 7.746170678336978
350 137 580 156 2.144420131291033
350 156 518 175 40.831509846827124
350 180 393 199 6.433260393873083
350 199 364 218 8.008752735229757
350 222 440 241 35.05470459518599
350 241 380 260 60.26258205689278
350 265 412 284 11.159737417943104
350 284 359 303 23.501094091903713
350 308 565 327 16.148796498905902
350 327 506 346 56.32385120350109
