84 77 277 83 3.3727551467367496
84 83 85 89 6.141042487954445
84 89 355 95 6.438896189224703
84 104 435 109 7.980727113447218
84 109 85 115 5.212439772229523
84 115 483 121 6.141042487954445
84 130 452 136 5.212439772229523
84 136 221 142 5.212439772229523
84 142 555 148 4.301357862461673
84 157 540 162 1.5155497152869033
84 162 221 168 2.146298729741568
84 168 583 174 0.0029201343261790877
84 183 382 189 0.0029201343261790877
84 189 358 195 2.391590013140604
84 195 426 201 2.391590013140604
84 210 435 215 4.791940429259746
84 215 221 221 2.391590013140604
84 221 540 227 2.391590013140604
84 236 382 242 2.391590013140604
84 242 221 248 0.008760402978537014
84 248 383 254 4.774419623302672
84 263 382 268 0.008760402978537014
84 268 221 274 4.739378011388524
84 274 426 280 6.9820411738939985
84 289 330 295 8.243539202803328
84 295 85 301 8.734121769601401
84 301 327 307 5.983355234340779
84 316 171 321 7.980727113447218
84 321 357 327 5.2299605781865965
84 327 327 333 5.983355234340779
84 342 207 348 4.248795444590451
84 348 85 354 4.248795444590451
84 354 212 360 2.2339027595269383
