420 47 567 57 0.5024700415749569
420 63 619 72 0.6805086818292978
420 78 442 88 0.07449254096356062
420 94 505 104 0.29019320127170434
420 110 539 120 0.4066030814380041
420 125 462 135 0.14296894106138405
420 141 455 151 0.11900220102714586
420 157 491 167 0.242259721203228
420 173 447 182 0.09161164098801648
420 188 474 198 0.18405478112007811
420 204 480 214 0.20459770114942513
310 220 420 229 -0.37745169968207387
420 235 449 245 0.09845928099779883
420 251 530 261 0.37578870139398357
420 267 451 277 0.10530692100758117
420 282 435 292 0.05052580092932242
420 298 475 308 0.18747860112496928
420 314 459 324 0.13269748104671053
410 330 420 339 -0.035069699192956855
322 345 420 355 -0.33750713295834345
420 361 457 371 0.1258498410369282
420 377 453 386 0.11215456101736351
420 392 442 402 0.07449254096356062
356 408 420 418 -0.21881470612211631
420 424 434 434 0.04710198092443125
420 439 459 449 0.13269748104671053
420 455 589 465 0.5777940816825626
399 471 420 481 -0.07387299258172336
420 486 470 496 0.17035950110051343
420 502 473 512 0.18063096111518695
