280 5 324 15 0.01624726281731115
280 15 355 25 0.005087526740774199
280 25 330 35 0.0986323732646869
280 44 302 54 0.01362144256400834
280 54 294 64 0.0986323732646869
280 64 296 74 0.06646607516172744
280 82 573 92 0.004168489652118211
280 92 680 102 0.10421224130295538
280 102 581 112 0.10158642104965257
280 120 332 130 0.06449670997175033
280 130 350 140 0.0020678334494759684
280 140 322 150 0.05038292611024771
280 159 536 169 0.0362691422487451
280 169 509 179 0.024387305602549873
280 179 581 189 0.0042997806647833625
280 198 434 208 0.1311268988993092
280 208 415 218 0.02268052243790305
280 218 483 228 0.07493434547862902
280 236 294 246 0.0442122485149861
280 246 298 256 0.005875272816765035
280 256 293 266 0.10801968067024445
280 274 650 284 0.08675053661849166
280 284 610 294 0.053927783452206515
280 294 598 304 0.0015426693988153984
280 313 575 323 0.05642231269284417
280 323 545 333 0.05268051883188767
280 333 590 343 0.014277897627334042
280 352 463 362 0.0070568919307513085
280 362 445 372 0.0959409075050515
280 372 477 382 0.016903717880636854
280 390 286 400 0.08373084332719345
280 400 285 410 0.05051421712291285
280 410 287 420 0.004431071677448496
280 428 444 438 0.12141136396208878
280 438 452 448 0.09659736256837721
280 448 434 458 0.05996717003480297
280 467 427 477 0.0018052514241456835
280 477 441 487 0.053665201426876225
280 487 391 497 0.04815097889494031
