317 59 700 68 4.980040786219465
317 68 643 77 4.983295005857595
317 77 700 86 4.983295005857595
317 86 681 95 3.9875037965895777
317 95 662 104 4.729465874083395
317 121 700 130 4.983295005857595
317 130 643 139 4.729465874083395
317 139 700 148 4.729465874083395
317 148 681 157 4.9767865665813344
317 157 662 166 4.234824489087517
317 183 700 192 4.234824489087517
317 192 624 201 3.9875037965895777
317 201 700 210 3.232524840543238
317 210 662 219 3.232524840543238
317 219 585 228 3.7401831040916385
317 245 624 254 3.232524840543238
317 254 566 263 3.232524840543238
317 263 643 272 3.4798455330411766
317 272 662 281 4.980040786219465
317 281 605 290 4.983295005857595
317 307 681 316 4.983295005857595
317 316 566 325 4.234824489087517
317 325 643 334 4.234824489087517
317 334 643 343 4.9767865665813344
317 343 566 352 4.983295005857595
317 369 700 378 4.9767865665813344
317 378 605 387 4.973532346943204
317 387 700 396 4.729465874083395
317 396 643 405 4.729465874083395
317 405 624 414 4.482145181585456
317 431 681 440 4.482145181585456
317 440 566 449 4.234824489087517
317 449 700 458 4.234824489087517
317 458 317 467 -0.008677919035015651
317 467 662 476 4.983295005857595
317 493 681 502 4.973532346943204
317 502 566 511 4.482145181585456
317 511 700 520 4.482145181585456
317 520 700 529 3.4798455330411766
317 529 643 538 3.7401831040916385
317 555 700 564 3.232524840543238
317 564 585 573 3.9875037965895777
317 573 700 582 4.482145181585456
317 582 700 591 4.234824489087517
317 591 662 600 4.482145181585456
