259 6 260 28 0.02174622159399805
259 42 264 64 0.19571599434598244
259 77 266 99 0.28270088072197463
259 112 272 134 0.5436555398499512
259 148 274 170 0.6306404262259434
259 184 277 206 0.7611177557899317
259 219 280 241 0.89159508535392
259 254 282 276 0.9785799717299122
259 290 283 312 1.0220724149179083
259 326 285 348 1.1090573012939005
259 361 302 383 1.8484288354898342
259 396 305 418 1.9789061650538224
259 432 373 454 4.936392301837557
259 468 375 490 5.023377188213549
259 503 381 525 5.284331847341526
259 538 484 560 9.76405349570512
259 574 515 596 11.112319234532999
259 610 658 632 17.331738610416437
259 645 662 667 17.50570838316842
259 680 671 702 17.897140371860388
