112 16 319 31 0.7990035981179076
112 31 274 47 0.6246332687517298
112 47 162 62 0.7835040132853585
112 62 124 77 0.6633822308331025
112 77 235 93 0.6246332687517298
112 120 274 135 0.5626349294215333
112 135 258 150 0.7990035981179076
112 150 324 166 0.764129532244672
112 166 285 181 0.1906448934403543
112 181 261 197 0.818378079158594
112 223 315 239 0.872626626072516
112 239 319 254 0.5432604483808469
112 254 338 269 0.043398837531137574
112 269 365 285 0.6672571270412399
112 285 281 300 0.9772488236922225
112 327 284 342 0.7680044284528093
112 342 310 358 0.4735123166343759
112 358 253 373 0.5742596180459452
112 373 311 388 0.6517575422086908
112 388 333 404 0.8532521450318296
