123 25 153 43 0.014124293785310738
123 47 151 65 0.013182674199623354
123 70 133 88 0.004551161330822344
123 92 133 110 0.004551161330822344
123 115 165 133 0.019774011299435033
123 137 215 155 0.043314500941619594
123 159 203 177 0.037664783427495296
123 182 133 200 0.004865034526051481
123 204 132 222 0.004237288135593221
123 227 139 245 0.00753295668549906
123 249 236 267 0.05320150659133711
123 271 160 289 0.017419962335216577
123 294 135 312 0.005649717514124295
123 316 271 334 0.0696798493408663
123 339 133 357 0.004551161330822344
123 361 295 379 0.08097928436911489
123 383 274 401 0.07109227871939738
123 406 376 424 0.11911487758945387
123 428 142 446 0.008788449466415566
123 451 437 469 0.147834274952919
123 473 558 491 0.20480225988700568
123 495 218 513 0.04472693032015067
