380 14 463 23 9.978431712819498
380 35 509 44 15.566353471998418
380 56 518 65 16.659642511837774
380 77 523 86 17.267025311748526
380 98 475 106 11.436150432605304
380 118 482 127 12.286486352480356
380 139 490 148 13.25829883233756
380 160 495 169 13.865681632248313
380 181 522 190 17.145548751766373
380 202 528 210 17.874408111659278
380 222 536 231 18.84622059151648
380 243 541 252 19.453603391427233
380 264 551 273 20.668368991248737
380 285 566 294 22.490517390980994
380 306 567 314 22.611993950963146
380 326 573 335 23.340853310856048
380 347 588 356 25.163001710588304
380 368 620 377 29.05025163001712
380 389 627 398 29.900587549892172
380 410 649 418 32.57307186949947
