275 1 328 12 334.0
275 15 360 26 537.0
275 29 444 40 1076.0
275 43 308 54 205.0
275 57 331 68 351.0
275 71 442 82 1061.0
275 85 376 96 641.0
275 99 338 110 399.0
275 113 320 124 279.0
275 127 442 138 1063.0
275 141 280 152 26.0
275 155 403 166 814.0
275 169 415 180 887.0
275 183 392 194 745.0
275 197 618 208 2191.0
275 211 298 222 142.0
275 225 389 236 720.0
275 239 291 250 94.0
275 253 314 264 245.0
275 267 376 278 636.0
275 281 288 292 74.0
275 295 317 306 258.0
275 309 284 320 53.0
275 323 291 334 97.0
275 337 307 348 200.0
275 351 342 362 420.0
275 365 331 376 352.0
275 379 521 390 1571.0
275 393 333 404 362.0
275 407 281 418 29.0
275 421 330 432 348.0
275 435 283 446 46.0
275 449 356 460 511.0
