103 11 104 22 15122289.94676343
103 22 104 33 10801635.67625955
103 46 104 57 28084252.758274768
103 57 104 68 41046215.56978626
103 81 106 92 41046215.56978626
103 92 104 102 36725561.29928253
103 115 107 126 32404907.02877865
103 126 104 137 19442944.21726716
103 150 107 161 339171360.23454994
103 161 106 172 403981174.2921072
103 185 106 196 10801635.67625955
103 196 106 207 10801635.67625955
103 220 106 231 15122289.94676343
103 231 109 242 15122289.94676343
103 255 105 266 28084252.758274768
103 266 110 276 36725561.29928253
103 289 134 300 62649486.92230535
103 300 177 311 71290795.46331297
103 324 140 335 799321040.0432067
103 335 476 346 4029010107.244811
