149 41 587 51 0.963
149 67 588 78 0.9661000000000001
149 93 582 104 0.9523999999999999
149 120 588 130 0.9664
149 146 548 157 0.8795999999999999
149 173 565 183 0.9148999999999999
149 199 566 210 0.9176000000000001
149 225 565 236 0.9148999999999999
149 252 156 262 0.015300000000000001
149 278 572 289 0.9309000000000001
149 305 562 315 0.9096
149 331 574 342 0.9362
149 357 587 368 0.9649
149 384 580 394 0.9474
149 410 580 421 0.9481
149 437 596 447 0.9836
149 463 596 473 0.9832
149 489 561 500 0.9066
149 516 575 526 0.9375
149 542 573 553 0.9335
149 569 568 579 0.9235
149 595 584 605 0.9577
149 621 600 632 0.993
