68 6 287 24 432.0
287 6 471 24 365.0
471 6 547 24 322.0
547 6 636 24 274.0
636 6 731 24 413.0
68 37 253 54 463.0
253 37 456 54 359.0
456 37 559 54 294.0
559 37 664 54 452.0
664 37 732 54 428.0
68 67 231 84 469.0
231 67 424 84 442.0
424 67 558 84 303.0
558 67 654 84 168.0
654 67 731 84 360.0
68 97 207 114 399.0
207 97 413 114 379.0
413 97 562 114 405.0
562 97 674 114 361.0
674 97 732 114 354.0
68 128 277 145 332.0
277 128 461 145 409.0
461 128 546 145 334.0
546 128 639 145 327.0
639 128 732 145 320.0
68 158 303 175 351.0
303 158 483 175 272.0
483 158 542 175 213.0
542 158 632 175 149.0
632 158 729 175 203.0
68 188 250 205 262.0
250 188 419 205 292.0
419 188 531 205 167.0
531 188 654 205 115.0
654 188 729 205 219.0
68 219 217 236 256.0
217 219 425 236 148.0
425 219 556 236 189.0
556 219 659 236 155.0
659 219 728 236 139.0
68 249 298 266 309.0
298 249 467 266 174.0
467 249 543 266 175.0
543 249 625 266 204.0
625 249 729 266 190.0
68 279 285 296 220.0
285 279 452 296 181.0
452 279 548 296 177.0
548 279 640 296 243.0
640 279 729 296 202.0
68 310 306 327 161.0
306 310 469 327 181.0
469 310 548 327 156.0
548 310 627 327 187.0
627 310 729 327 264.0
68 340 292 357 375.0
292 340 471 357 188.0
471 340 542 357 135.0
542 340 637 357 150.0
637 340 728 357 114.0
68 370 221 387 183.0
221 370 360 387 190.0
360 370 517 387 146.0
517 370 651 387 137.0
651 370 729 387 205.0
68 400 153 417 175.0
153 400 262 417 200.0
262 400 350 417 179.0
350 400 541 417 152.0
541 400 720 417 352.0
