313 79 591 90 34.37848556202752
313 90 416 100 2.032469946709627
313 118 330 128 12.4426818688809
313 128 351 139 20.746065187755605
313 156 414 167 8.229024662287765
313 167 659 178 8.229024662287765
313 195 481 206 5.254678398810259
313 206 402 216 5.130747304498696
313 234 380 244 2.9743462634775066
313 244 376 255 12.640971619779403
313 272 380 283 4.610236708390134
313 283 376 294 42.805799975213795
313 311 356 322 10.955508737142146
313 322 390 332 7.733300285041515
313 350 355 360 7.733300285041515
313 360 313 371 9.468335605403393
313 388 338 399 -0.04957243772462934
313 399 338 410 3.023918701202129
