252 27 703 47 0.27104377104377103
252 53 399 73 0.08826358826358827
252 79 386 99 0.08044733044733046
252 105 364 125 0.06721981721981722
252 131 361 151 0.06541606541606541
252 157 349 177 0.0582010582010582
252 183 309 203 0.03415103415103415
252 209 303 229 0.030543530543530543
252 235 302 255 0.02994227994227994
252 261 301 281 0.029341029341029338
252 287 301 307 0.029341029341029338
252 313 299 333 0.028138528138528136
252 339 296 359 0.026334776334776332
252 365 291 385 0.023328523328523327
252 391 284 411 0.01911976911976912
252 417 284 437 0.01911976911976912
252 443 283 463 0.01851851851851852
252 469 282 489 0.01791726791726792
252 495 275 515 0.013708513708513712
252 521 272 541 0.011904761904761908
252 547 272 567 0.011904761904761908
