240 34 342 47 9.0
240 50 353 63 10.0
240 65 512 79 24.0
240 81 489 95 22.0
240 97 296 110 5.0
240 113 296 126 5.0
240 129 376 142 12.0
240 144 331 158 8.0
240 160 421 174 16.0
240 176 376 190 12.0
240 192 274 205 3.0
240 208 331 221 8.0
240 223 331 237 8.0
240 239 297 253 5.0
240 255 353 269 10.0
240 271 432 284 17.0
240 287 431 300 17.0
240 302 308 316 6.0
240 318 296 332 5.0
240 334 376 348 12.0
240 350 387 363 13.0
240 366 409 379 15.0
240 381 478 395 21.0
240 397 410 411 15.0
240 413 410 427 15.0
240 429 387 442 13.0
