221 38 240 49 82.0
221 54 273 65 222.0
221 70 345 81 520.0
221 86 349 97 538.0
221 102 228 113 25.0
221 118 252 129 132.0
221 134 597 145 1583.0
221 149 262 160 170.0
221 165 272 176 209.0
221 181 306 192 356.0
221 197 313 208 387.0
221 213 230 224 35.0
221 229 231 240 39.0
221 245 237 256 69.0
221 261 240 272 82.0
221 277 254 288 135.0
221 292 260 304 164.0
221 308 267 319 191.0
221 324 268 335 196.0
221 340 281 351 252.0
221 356 292 367 296.0
221 372 301 383 334.0
221 388 242 399 84.0
221 404 242 415 85.0
221 420 250 431 123.0
221 436 251 447 124.0
221 451 252 462 128.0
221 467 274 478 221.0
221 483 278 494 235.0
221 499 324 510 430.0
221 515 353 526 555.0
221 531 405 542 777.0
