243 13 312 34 9.35593220338983
243 34 324 55 11.932203389830509
243 55 300 76 5.016949152542373
243 106 331 127 5.966101694915254
243 127 378 148 47.59322033898305
243 148 340 169 3.5254237288135593
243 199 280 220 10.983050847457626
243 220 322 241 18.305084745762713
243 241 287 262 10.779661016949152
243 292 287 313 4.47457627118644
243 313 276 334 33.96610169491525
243 334 288 355 4.0
243 385 594 406 7.728813559322034
243 406 494 427 13.152542372881356
243 427 575 448 5.966101694915254
243 478 269 499 6.169491525423728
243 499 272 520 45.016949152542374
243 520 290 541 6.305084745762712
