33 7 295 12 1.0577473940810747
33 12 582 18 1.4170585317651039
33 25 384 31 0.8195523702231227
33 31 503 37 0.8276267778115278
33 43 236 49 1.2878680103506215
33 49 406 55 0.7468827019274764
33 62 238 68 0.6580642184550197
33 68 397 73 0.6257665881013991
33 80 352 86 0.5288736970405373
33 86 381 92 0.645952607072412
33 99 218 104 0.6580642184550197
33 104 364 110 0.32701350733040857
33 117 196 123 0.3875715642434472
33 123 347 129 0.29875308077099055
33 135 188 141 0.27856706179997764
33 141 284 147 0.19782298591592617
33 154 164 160 0.16552535556230558
33 160 285 165 0.13726492900288756
33 172 193 178 0.08881848347245665
33 178 280 184 0.07670687208984892
33 191 196 196 0.05652085311883605
33 196 271 202 2.2164248830172135
33 209 114 215 1.8974857832752101
33 215 231 221 1.5058770152375607
33 227 129 233 1.4695421810897376
33 233 197 239 1.4057543611413368
33 246 107 252 1.3363144558810525
33 252 193 257 1.2676819913796087
33 264 102 270 1.0133381523448464
33 270 188 276 1.0173753561390488
33 283 82 288 0.997189337168036
33 288 134 294 0.9608545030202128
33 301 74 307 0.7993663512521099
33 307 109 313 0.6612939814903818
33 319 67 325 0.645952607072412
33 325 80 331 0.6257665881013991
33 338 55 344 0.4093724647321411
33 344 75 349 0.30682748835939566
33 356 52 362 0.189748578327521
33 362 62 368 0.17037000011534867
33 375 47 380 0.1186937915495557
33 380 57 386 0.09770033181970232
