42 6 68 13 2.9371419349632855
68 6 174 13 0.9037359799887033
174 6 227 13 0.0
227 6 245 13 0.0
42 23 50 30 0.0
50 23 77 30 0.0
77 23 86 30 0.0
86 23 87 30 0.9037359799887033
42 39 42 46 1.9204389574759944
42 39 95 46 0.0
95 39 174 46 0.0
174 39 175 46 0.0
42 55 42 62 0.0
42 55 51 62 0.0
51 55 59 62 3.9538449124505766
59 55 60 62 0.0
42 72 42 78 1.016702977487291
42 72 104 78 0.9037359799887033
104 72 165 78 0.0
165 72 166 78 5.874283869926571
42 88 42 95 2.033405954974582
42 88 112 95 0.0
112 88 191 95 0.0
191 88 192 95 0.9037359799887033
42 104 42 111 0.0
42 104 112 111 11.974501734850318
112 104 191 111 3.0501089324618733
191 104 192 111 5.987250867425159
42 120 50 127 1.016702977487291
50 120 122 127 7.00395384491245
122 120 209 127 7.907689824901153
209 120 210 127 7.907689824901153
42 137 59 144 8.133623819898329
59 137 307 144 28.015815379649805
307 137 590 144 7.907689824901153
590 137 599 144 3.9538449124505766
42 153 42 160 1.9204389574759944
42 153 112 160 7.00395384491245
112 153 174 160 1.016702977487291
174 153 175 160 8.02065682239974
42 169 42 176 1.016702977487291
42 169 77 176 8.02065682239974
77 169 94 176 3.0501089324618733
94 169 95 176 5.987250867425159
42 186 42 193 28.0158153796498
42 186 59 193 12.87823771483902
59 186 60 193 2.9371419349632855
60 186 60 193 0.0
42 202 42 209 2.14637295247317
42 202 104 209 1.016702977487291
104 202 156 209 5.9872508674251605
156 202 157 209 1.0167029774872915
42 218 42 225 8.924392802388445
42 218 51 225 0.9037359799887033
51 218 59 225 6.890986847413862
59 218 60 225 8.924392802388445
42 235 77 241 8.924392802388445
77 235 148 241 9.82812878237715
148 235 156 241 31.969660292100382
156 235 157 241 7.00395384491245
42 251 42 258 1.9204389574759944
42 251 51 258 0.11296699749858785
51 251 76 258 5.874283869926572
76 251 77 258 0.9037359799887033
42 267 51 274 0.9037359799887046
51 267 122 274 2.8241749374646976
122 267 191 274 7.794722827402566
191 267 192 274 3.9538449124505766
42 283 50 290 8.924392802388445
50 283 77 290 32.08262728959897
77 283 112 290 3.9538449124505775
112 283 113 290 0.11296699749858785
42 300 42 307 0.9037359799887033
42 300 95 307 1.9204389574759948
95 300 174 307 1.9204389574759944
174 300 175 307 2.033405954974583
42 316 94 323 0.11296699749858785
94 316 342 323 0.11296699749858874
342 316 626 323 0.11296699749858785
626 316 627 323 0.11296699749858874
42 332 60 339 0.11296699749858874
60 332 174 339 0.11296699749858874
174 332 209 339 0.11296699749858519
209 332 219 339 1.0167029774872915
42 349 42 355 0.11296699749858874
42 349 68 355 0.11296699749858785
68 349 69 355 0.0
69 349 112 355 0.11296699749858696
42 365 42 372 0.11296699749858785
42 365 42 372 0.11296699749858696
42 365 50 372 0.11296699749858785
50 365 51 372 0.11296699749858874
42 381 50 388 0.11296699749858874
50 381 69 388 0.11296699749858874
69 381 86 388 0.11296699749858874
86 381 87 388 1.1296699749858767
42 397 42 404 4.85758089243928
42 397 51 404 0.11296699749858785
51 397 68 404 0.11296699749858785
68 397 69 404 0.11296699749858785
