359 9 603 35 21.45129779514373
603 9 646 35 16.000558191459668
359 52 541 79 11.341054981858775
541 52 542 79 9.406921574099915
359 96 488 123 8.439854870220485
488 96 489 123 5.450739603684063
359 140 466 167 5.099078984091543
466 140 467 167 4.659503209600893
359 184 455 211 1.0549818587775606
455 184 456 211 0.7033212391850404
359 228 421 255 0.26374546469439014
421 228 422 255 3.780351660619594
359 272 417 299 0.08791515489813051
417 272 417 299 0.08791515489813051
359 316 412 343 0.08791515489813051
412 316 412 343 0.08791515489813051
359 360 371 387 0.08791515489813051
371 360 372 387 0.0
359 404 367 431 0.0
367 404 368 431 0.08791515489813007
359 448 362 474 0.08791515489813007
362 448 362 474 0.0
