123 57 285 78 0.25831140875388664
285 57 727 78 0.24874431954077972
727 57 749 78 0.36036036036036034
123 111 279 133 0.17858566531132902
279 111 708 133 0.22482659650801246
708 111 749 133 0.18336920991788247
123 165 349 187 0.3460097265407
349 165 727 187 0.7047755720322093
727 165 749 187 0.6840468787371443
123 219 235 241 0.6027266204257355
235 219 743 241 0.8100135533763853
743 219 749 241 0.7494219883600415
123 273 264 295 0.3396316670652954
264 273 734 295 0.23598820058997055
734 273 749 295 0.03507932711472528
123 327 238 349 0.06537510962289717
238 327 451 349 0.03507932711472528
451 327 749 349 0.009567089213106894
123 381 340 403 0.02391772303276718
340 381 488 403 0.4751654309176433
488 381 749 403 0.4161683807701506
