287 7 678 16 16.9549506143098
287 31 609 39 13.96290050590219
287 54 586 63 12.96555046976632
287 78 563 86 11.96820043363045
287 101 563 110 11.96820043363045
287 125 540 134 10.97085039749458
287 149 448 157 6.981450252951095
287 172 425 181 5.984100216815225
287 196 425 204 5.984100216815225
287 219 402 228 4.986750180679354
287 243 402 251 4.986750180679354
287 267 402 275 4.986750180679354
287 290 379 299 3.9894001445434824
287 314 379 322 3.9894001445434824
287 337 379 346 3.9894001445434824
287 361 356 370 2.9920501084076125
287 385 333 393 1.9947000722717425
287 408 333 417 1.9947000722717425
