265 47 620 55 63.14853246368219
265 55 502 63 63.14853246368219
265 63 499 71 68.30714497479988
265 85 620 93 31.485324636821822
265 93 502 101 68.30714497479988
265 101 405 109 73.64364067595612
265 123 649 131 42.1583160391343
265 131 620 139 42.1583160391343
265 139 546 148 63.14853246368219
265 161 442 169 36.82182033797806
265 169 472 178 84.13874888823005
265 178 405 186 84.13874888823005
265 199 649 208 41.62466646901868
265 208 738 216 24.903646605395792
265 216 733 224 49.98517640083011
265 238 679 246 24.903646605395792
265 246 738 254 83.24933293803736
265 254 733 262 83.24933293803736
