41 106 47 183 19.158228702578644
47 110 53 183 18.024166329148105
59 61 65 183 30.444326115252633
65 66 72 183 29.07762394982842
77 83 84 183 24.97751745355579
84 81 90 183 25.474500059164594
96 114 102 183 16.890103955717567
102 116 108 183 16.464830565681115
114 97 121 183 21.498639214294165
121 89 127 183 23.48656963672938
133 106 139 183 19.158228702578644
139 119 145 183 15.472525988929393
151 122 157 183 14.541666666666668
157 116 164 183 16.181314972323477
170 125 176 183 13.916666666666668
176 118 182 183 15.756041582287027
188 136 194 183 11.166666666666664
194 130 201 183 12.791666666666666
206 114 213 183 16.890103955717567
213 113 219 183 17.1736195490752
225 109 231 183 18.30768192250574
231 110 237 183 18.165924125826923
243 128 249 183 13.291666666666666
249 122 256 183 14.541666666666668
262 121 268 183 14.916666666666668
268 117 274 183 16.03955717564466
280 129 286 183 12.916666666666666
286 126 293 183 13.666666666666666
298 131 305 183 12.416666666666666
305 124 311 183 14.291666666666668
317 111 323 183 17.74065073579047
323 110 329 183 18.024166329148105
335 117 341 183 16.03955717564466
341 114 348 183 16.890103955717567
354 121 360 183 14.916666666666668
360 119 366 183 15.472525988929393
372 120 378 183 15.189010395571758
378 120 385 183 15.189010395571758
