116 146 126 159 1.0847989246107308
126 133 137 159 2.153467010193794
137 150 148 159 0.7621821440573533
157 106 168 159 4.2706396325753335
168 103 179 159 4.552929315559538
179 139 190 159 1.6493782905791412
199 126 210 159 2.657555729808446
210 110 221 159 3.988349949591128
221 141 231 159 1.4880699003024525
241 44 252 159 9.351853926291026
252 74 262 159 6.8919009745715245
263 136 273 159 1.9115044247787605
283 94 293 159 5.278817071804638
294 92 304 159 5.440125462081326
305 128 315 159 2.4962473395317573
325 34 335 159 10.15839587767447
336 49 346 159 8.908255853030132
347 134 357 159 2.0526492662708633
