52 126 58 181 1207.9021636876764
58 128 64 181 1170.8607714016935
70 104 76 181 1668.273753527752
76 106 82 181 1631.2323612417688
88 114 94 181 1472.4835371589843
94 111 100 181 1530.691439322672
106 108 112 181 1588.8993414863596
112 110 118 181 1535.9830667920983
124 113 130 181 1477.7751646284105
130 107 137 181 1610.0658513640642
142 121 149 181 1313.7347130761996
149 132 155 181 1070.3198494825965
161 134 167 181 1038.5700846660395
167 128 173 181 1165.5691439322673
179 124 185 181 1255.526810912512
185 119 191 181 1356.067732831609
197 138 203 181 943.3207902163688
203 131 209 181 1107.3612417685795
215 114 221 181 1461.9002822201319
221 112 227 181 1498.941674506115
233 116 239 181 1414.2756349952965
239 115 245 181 1435.4421448730013
251 139 257 181 938.0291627469426
257 133 263 181 1054.444967074318
269 63 275 181 2541.392285983067
275 55 281 181 2710.724365004704
287 135 293 181 1017.4035747883349
293 132 300 181 1070.3198494825965
305 147 312 181 768.6970837253059
312 142 318 181 863.9463781749765
324 120 330 181 1324.317968015052
330 119 336 181 1350.7761053621828
342 140 348 181 911.5710253998119
348 138 354 181 953.9040451552212
360 129 366 181 1149.6942615239889
366 128 372 181 1176.1523988711197
378 121 384 181 1319.0263405456258
384 121 390 181 1308.4430856067734
