68 334 89 340 0.02069586082783455
89 13 110 340 0.9820035992801439
138 315 159 340 0.07618476304739068
159 32 180 340 0.9250149970005999
208 316 229 340 0.07168566286742667
229 30 250 340 0.9310137972405519
278 306 299 340 0.10317936412717474
299 41 320 340 0.8980203959208157
348 292 369 340 0.14367126574685077
369 54 390 340 0.8590281943611278
418 281 439 340 0.1781643671265748
439 66 460 340 0.8245350929814037
488 252 509 340 0.2666466706658669
509 95 530 340 0.7360527894421116
558 268 579 340 0.21865626874625083
579 79 600 340 0.7840431913617277
628 184 649 340 0.4691061787642472
649 162 670 340 0.5335932813437313
