99 330 104 437 10.03182407659983
108 325 113 437 10.532597773492155
125 395 130 437 3.959943001780369
134 400 139 437 3.521766016999587
150 377 155 437 5.650054228791971
160 391 164 437 4.335523274449614
176 414 181 437 2.20723506265723
185 408 190 437 2.708008759549555
202 416 207 437 2.0037957482947206
211 412 216 437 2.3950251989918523
227 325 232 437 10.532597773492155
236 343 241 437 8.842486546480554
253 369 258 437 6.416863952158348
262 327 267 437 10.344807637157533
278 416 283 437 2.0037957482947206
288 412 292 437 2.3793760209639654
304 331 309 437 9.984876542516176
313 345 318 437 8.670345588173818
330 370 335 437 6.322968883991037
339 374 344 437 5.947388611321792
355 369 360 437 6.416863952158348
364 327 369 437 10.344807637157533
381 417 386 437 1.9099006801274092
390 421 395 437 1.5186712294302773
406 366 411 437 6.698549156660282
416 372 421 437 6.135178747656415
432 304 437 437 12.473095848949923
441 331 446 437 9.969227364488289
458 432 463 437 0.4545271235340851
467 432 472 437 0.5171238356456277
483 391 488 437 4.335523274449614
492 401 497 437 3.396572592776502
509 422 514 437 1.440425339290853
518 425 523 437 1.1430909567610323
534 415 539 437 2.0820416384341445
544 415 549 437 2.0820416384341445
560 410 565 437 2.5828153353264747
569 413 574 437 2.2698317747687673
586 429 591 437 0.7675106840917875
595 431 600 437 0.579720547757165
611 426 616 437 1.064845066621608
620 429 625 437 0.7675106840917875
637 422 642 437 1.45607451731874
646 418 651 437 1.7690580778764424
662 409 667 437 2.645412047438012
672 407 677 437 2.8332021837726344
