89 433 114 434 1.9213443534803507
114 380 139 434 57.97524384033841
172 432 197 434 2.9789650985154084
197 210 222 434 237.77077049629833
254 427 279 434 8.267068823690696
279 35 305 434 422.8544008774335
337 411 362 434 25.18900074425162
362 71 387 434 385.13259430451643
420 390 445 434 47.39903638998783
445 183 470 434 266.3265306122449
502 402 528 434 34.707587449567136
528 310 553 434 132.0086959927925
585 422 610 434 13.555172548865984
610 377 635 434 61.14810607544358
668 431 693 434 4.0365858435504665
693 424 718 434 11.43993105879587
