68 159 77 176 0.7412087912087911
79 144 88 176 0.7782967032967033
107 134 116 176 0.8030219780219781
118 130 127 176 0.8129120879120879
146 129 155 176 0.8153846153846154
156 125 166 176 0.8249215070643642
184 120 194 176 0.8376373626373627
195 118 204 176 0.8425824175824176
223 112 232 176 0.8574175824175824
234 110 243 176 0.8623626373626374
262 110 271 176 0.8623626373626374
273 107 282 176 0.8697802197802198
301 61 310 176 0.9835164835164836
312 61 321 176 0.9835164835164836
340 57 349 176 0.9934065934065934
351 56 360 176 0.9958791208791209
379 56 388 176 0.9958791208791209
390 55 399 176 0.9983516483516484
