47 109 64 344 410.57471264367814
64 300 81 344 74.34192297035187
81 291 98 344 88.7503463563314
121 85 138 344 452.52873563218384
138 293 156 344 85.97949570518148
156 290 173 344 90.41285674702135
196 114 213 344 402.52873563218384
213 318 230 344 44.41673593793291
230 290 247 344 90.4682737600444
270 89 287 344 445.6896551724138
287 308 304 344 60.54308672762543
304 291 322 344 88.80576336935445
344 100 362 344 426.7241379310345
362 333 379 344 20.088667220836772
379 290 396 344 90.4682737600444
419 88 436 344 447.41379310344826
436 327 453 344 28.955389304516526
453 291 470 344 89.91410362981435
