97 196 106 208 2.0846777270048364
110 70 118 208 3050.281876636201
122 196 131 208 2.0846777270048364
135 76 144 208 2155.8143231447516
148 46 156 208 12225.157408147978
160 114 169 208 239.32978532355244
173 70 181 208 3050.281876636201
185 73 194 208 2564.340336086688
198 113 207 208 253.5818629860993
211 110 219 208 301.6355317681965
223 72 232 208 2717.046684666326
236 177 244 208 6.256712902330603
248 47 257 208 11538.066104511117
261 89 270 208 1016.3251516529313
274 76 282 208 2155.8143231447516
286 119 295 208 179.22127672935827
299 208 308 208 1.0413139433352114
312 164 320 208 13.271649598272523
324 121 333 208 159.64182834675336
337 74 345 208 2420.2165521821858
349 83 358 208 1438.007975721349
362 83 371 208 1438.007975721349
375 56 383 208 6855.5150850972905
387 143 396 208 44.717249362434224
400 83 408 208 1438.007975721349
412 154 421 208 23.666785557421452
425 40 434 208 17297.48971456051
438 143 446 208 44.717249362434224
450 41 459 208 16325.317793919117
463 135 471 208 71.03077882765078
475 154 484 208 23.666785557421452
488 75 497 208 2284.192966521516
501 92 509 208 854.4140136442427
513 45 522 208 12953.164967183053
526 65 534 208 4073.30714318073
538 145 547 208 39.8320086606508
551 48 560 208 10889.591437353598
564 48 572 208 10889.591437353598
576 189 585 208 3.125280373193655
589 110 597 208 301.6355317681965
601 189 610 208 3.125280373193655
614 104 623 208 426.7869389419001
627 140 635 208 53.19115149567414
639 141 648 208 50.20164580646718
652 196 660 208 2.0846777270048364
664 83 673 208 1438.007975721349
