66 464 72 464 0.010309368785075154
72 242 78 464 1.9485397088243794
90 464 96 464 0.007811649274715296
96 142 102 464 2.8227415374503537
114 464 120 464 0.005313929764355439
120 250 126 464 1.8786035625343014
138 464 144 464 0.007811649274715296
144 404 150 464 0.5323327464503002
162 464 168 464 0.007811649274715296
168 252 174 464 1.8611195259617819
186 464 192 464 0.007811649274715296
192 281 198 464 1.607600995660249
210 447 216 464 0.15267938087559096
216 282 222 464 1.5988589773739894
234 445 240 464 0.1739099967136505
240 168 246 464 2.5954490620076003
258 445 264 464 0.1739099967136505
264 289 270 464 1.537664849370171
283 444 289 464 0.1801542954895504
289 179 295 464 2.499286860858743
307 442 313 464 0.19763833206206988
313 104 319 464 3.1524405128178645
331 441 337 464 0.20762921010350932
337 161 343 464 2.656643190011419
355 426 361 464 0.33751062464222586
361 284 367 464 1.57887722129111
379 391 385 464 0.6459789841716769
385 324 391 464 1.2316942093510799
403 297 409 464 1.463982123814553
409 399 415 464 0.5760428378815988
427 296 433 464 1.4764707213663528
433 360 439 464 0.9169815510457291
451 282 457 464 1.5963612578636295
457 260 463 464 1.788685660161344
475 226 481 464 2.0884120014045355
481 431 487 464 0.300044831986827
500 222 506 464 2.123380074549574
506 197 512 464 2.3419305317060677
524 183 530 464 2.464318787713704
530 413 536 464 0.4524057221187822
548 168 554 464 2.5929513424972406
554 464 560 464 0.007811649274715296
572 161 578 464 2.656643190011419
578 437 584 464 0.2425972832485483
596 141 602 464 2.8277369764710736
602 426 608 464 0.3400083441525857
620 123 626 464 2.988839884889289
626 416 632 464 0.4274285270151832
644 117 650 464 3.0412919946068477
650 369 656 464 0.8383033864693913
668 111 674 464 3.089997525058866
674 464 680 464 0.005313929764355439
692 95 698 464 3.2323675371493823
698 413 704 464 0.4549034416291426
716 93 722 464 3.249851573721902
722 464 728 464 0.007811649274715296
741 42 747 464 3.6944456465659687
747 464 753 464 0.005313929764355439
