46 122 51 163 6.644359464627154
51 127 57 163 5.815806246016574
62 150 68 163 2.2466539196940793
68 142 73 163 3.5213511790949705
79 140 84 163 3.7125557680051027
84 146 90 163 2.756532823454434
95 142 101 163 3.457616316124925
101 154 107 163 1.6093052899936335
112 140 117 163 3.776290630975148
118 137 123 163 4.286169534735503
128 149 134 163 2.3103887826641247
134 154 140 163 1.5455704270235882
145 120 151 163 6.963033779477377
151 122 156 163 6.580624601657108
162 150 167 163 2.2466539196940793
167 156 173 163 1.2268961121733652
178 135 184 163 4.541108986615685
184 137 190 163 4.254302103250482
195 147 200 163 2.6290630975143476
201 147 206 163 2.6927979604843886
211 144 217 163 3.2026768642447476
217 134 223 163 4.732313575525817
228 141 234 163 3.6488209050350573
234 150 239 163 2.182919056724034
245 148 250 163 2.5653282345443023
250 147 256 163 2.6927979604843886
261 96 267 163 10.787125557680053
267 20 273 163 22.89674952198853
278 147 284 163 2.6927979604843886
284 140 289 163 3.776290630975148
295 155 300 163 1.3543658381134562
300 153 306 163 1.73677501593372
311 130 317 163 5.369662205226262
317 130 322 163 5.369662205226262
328 156 333 163 1.2268961121733652
333 154 339 163 1.4818355640535426
344 51 350 163 17.989165073295094
350 143 356 163 3.2664117272147934
361 146 367 163 2.756532823454434
367 140 372 163 3.776290630975148
378 157 383 163 1.0356915232632333
383 150 389 163 2.182919056724034
394 152 400 163 1.8642447418738108
400 154 405 163 1.6093052899936335
411 98 416 163 10.468451242829829
416 88 422 163 11.9980879541109
