58 420 72 420 0.0012128562765315071
72 420 86 420 0.01334141904184382
86 420 100 420 0.007277137659187663
100 420 114 420 0.0012128562765315071
114 420 127 420 0.007277137659187663
127 420 141 420 0.007277137659187663
141 420 155 420 0.0012128562765315071
155 420 169 420 -0.004851425106124649
169 420 183 420 -0.004851425106124649
183 420 197 420 0.007277137659187663
197 420 210 420 0.0012128562765315071
210 420 224 420 0.007277137659187663
224 420 238 420 0.007277137659187663
238 420 252 420 0.007277137659187663
252 420 266 420 0.0012128562765315071
266 380 279 420 0.9714978775015165
279 380 293 420 0.989690721649485
293 339 307 420 1.966040024257126
307 420 321 420 0.007277137659187663
321 380 335 420 0.9836264402668288
335 420 348 420 0.007277137659187663
348 380 362 420 0.9836264402668288
362 259 376 420 3.9126743480897517
376 299 390 420 2.9504750353749745
390 138 404 420 6.84778653729533
404 218 417 420 4.907216494845361
417 299 431 420 2.948453608247423
431 178 445 420 5.877501516070345
445 97 459 420 7.850414392561148
459 97 473 420 7.850414392561148
473 218 486 420 4.895087932080049
486 53 500 420 8.909642207398424
500 178 514 420 5.877501516070345
514 259 528 420 3.9066100667070955
528 259 542 420 3.9126743480897517
542 299 555 420 2.934303618354559
555 138 569 420 6.84778653729533
569 259 583 420 3.918738629472408
583 138 597 420 6.84778653729533
597 299 610 420 2.934303618354559
610 420 624 420 0.007277137659187663
