58 328 93 357 1.0001436988072996
58 328 93 356 -0.9518608995545342
58 356 93 356 -0.02759017100157911
58 299 93 356 1.9657996838626235
58 299 93 356 -1.9520045983618342
58 355 93 356 0.03448771375197585
58 355 93 357 -0.053455956315562964
58 356 93 357 0.008621928437993961
110 356 145 357 0.017243856875987923
110 299 145 356 1.9830435407386116
110 299 145 356 -1.9657996838626237
110 270 145 356 2.9521482971691344
110 270 145 356 -2.9521482971691344
110 356 145 356 0.0
110 356 145 357 -0.02241701393878352
110 357 145 357 -0.01896824256358711
162 328 198 357 0.9828998419313119
162 299 198 328 1.0173875556832876
162 299 198 356 -1.9657996838626237
162 270 198 356 2.965943382669924
162 270 198 356 -2.9797384681707135
162 356 198 357 -0.01724385687598793
162 357 198 358 -0.050007184940364595
162 357 198 358 0.050007184940364595
215 356 250 357 0.017243856875987923
215 356 250 356 0.01724385687598793
215 356 250 356 -0.013795085500789554
215 328 250 356 0.9708291421181195
215 328 250 356 -0.9708291421181195
215 356 250 356 0.0
215 356 250 357 -0.022417013938783523
215 356 250 357 0.03621209943957308
267 329 302 357 0.9656559850553239
267 299 302 329 1.0346314125592757
267 299 302 356 -1.9657996838626237
267 269 302 356 3.009053024859894
267 269 302 354 -2.95732145423193
267 354 302 355 -0.017243856875987923
267 355 302 356 -0.018968242563587118
267 356 302 356 -0.005173157062795586
319 328 354 357 1.0001436988072996
319 299 354 328 1.0001436988072998
319 299 354 356 -1.9657996838626237
319 212 354 356 4.95760885184653
319 182 354 212 1.026009484121282
319 182 354 356 -5.983618335967812
319 356 354 357 -0.03621209943957504
319 154 354 357 7.01652536283949
371 357 406 357 -0.006897542750394779
371 357 406 357 0.0
371 356 406 357 0.04138525650237063
371 329 406 356 0.9259951142405525
371 270 406 329 2.0227044115533834
371 270 406 357 -2.983187239545912
371 357 406 358 -0.01896824256358711
371 357 406 358 0.02241701393878548
423 328 459 357 1.0001436988072996
423 328 459 328 -0.01724385687598784
423 270 459 328 2.0347751113665757
423 125 459 270 4.967955165972124
423 67 459 125 2.015806868802988
423 67 459 356 -9.966949274321024
423 356 459 357 -0.050007184940364595
423 357 459 357 0.02241701393878352
476 356 511 357 0.03448771375197585
476 356 511 356 -0.01724385687598793
476 356 511 356 0.01724385687598793
476 300 511 356 1.9192412702974555
476 270 511 300 1.0467021123724687
476 242 511 270 0.9828998419313124
476 213 511 242 0.9777266848685149
476 184 511 213 1.0156631699956895
528 356 563 357 0.017243856875987923
528 356 563 356 0.01724385687598793
528 356 563 356 0.0
528 356 563 357 -0.02241701393878352
528 356 563 357 0.02241701393878352
528 356 563 357 -0.03448771375197585
528 356 563 357 0.02586578531398189
528 356 563 356 -0.005173157062795593
580 356 615 357 0.05173157062796378
580 356 615 356 -0.01724385687598793
580 356 615 356 -0.01724385687598793
580 356 615 357 -0.005173157062795589
580 356 615 357 0.039660870814771446
580 356 615 356 0.0
580 356 615 356 -0.02586578531398189
580 356 615 356 -0.005173157062795593
632 356 667 357 0.03448771375197585
632 356 667 356 -0.01724385687598793
632 356 667 357 -0.010346314125593146
632 357 667 357 -0.005173157062795593
632 357 667 357 0.005173157062795593
632 328 667 357 0.9828998419313119
632 328 667 357 -0.9880729989941074
632 357 667 357 -0.005173157062797555
