62 293 83 340 0.03561264230077892
83 238 104 340 0.07680497303774718
133 257 154 340 0.06207559416816458
154 156 175 340 0.1382189934092271
204 168 225 340 0.12923157579388858
225 50 246 340 0.2171709606550829
274 121 295 340 0.16449470740962652
295 105 317 340 0.17647793089674454
345 113 366 340 0.17023666866387058
366 132 387 340 0.15600659077291792
416 148 437 340 0.14377371679648493
437 226 458 340 0.08535550229678451
486 214 507 340 0.09434291991212304
507 257 529 340 0.06213800679049335
557 234 578 340 0.0793638905532255
578 261 599 340 0.05939185140802878
628 175 649 340 0.12380167765128822
649 297 670 340 0.03267924905132814
698 173 720 340 0.12529958058717797
720 173 741 340 0.12529958058717797
