48 75 58 153 0.5281429052915403
58 105 68 153 0.32423323222109873
68 91 78 153 0.42028985507246375
78 138 88 153 0.10347152005392649
103 129 113 153 0.16245365689248395
113 82 123 153 0.4792719919110212
123 52 133 153 0.6831816649814628
133 83 143 153 0.47421638018200196
158 103 168 153 0.3394000674081563
168 85 178 153 0.4590495449949444
178 71 188 153 0.5517357600269632
188 144 198 153 0.06471183013144587
212 67 222 153 0.5820694304010785
222 113 232 153 0.2686215032018874
232 106 242 153 0.32086282440175257
242 126 252 153 0.18099089989888772
267 128 277 153 0.1658240647118301
277 22 287 153 0.8870913380519043
287 23 297 153 0.8769801145938659
297 86 307 153 0.4556791371755982
322 109 332 153 0.29895517357600265
332 76 342 153 0.5163464779238287
342 65 352 153 0.592180653859117
352 144 362 153 0.06134142231209973
