85 98 149 255 7.980997624703093
85 95 149 98 1.995249406175759
85 88 149 95 3.3254156769596364
85 83 149 88 8.646080760095003
85 81 149 83 4.655581947743471
85 78 149 81 1.9952494061757733
85 71 149 78 1.3301662707838489
85 58 149 71 3.325415676959608
85 53 149 58 4.655581947743471
85 50 149 53 1.9952494061757733
85 38 149 50 104.41805225653206
246 230 309 255 0.6650831353919244
246 229 309 230 0.6650831353919244
246 229 309 229 0.6650831353919244
246 229 309 229 2.6603325415676977
246 229 309 229 1.9952494061757697
246 228 309 229 0.6650831353919244
246 225 309 228 0.0
246 221 309 225 0.0
246 220 309 221 0.0
246 219 309 220 0.6650831353919209
246 218 309 219 16.627078384798097
406 217 470 255 3.9904988123515466
406 216 470 217 0.0
406 216 470 216 0.665083135391928
406 216 470 216 2.6603325415676977
406 215 470 216 0.0
406 212 470 215 1.9952494061757733
406 212 470 212 0.6650831353919244
406 208 470 212 0.0
406 207 470 208 0.0
406 207 470 207 0.6650831353919244
406 201 470 207 25.273159144893107
567 203 630 255 2.6603325415676977
567 202 630 203 0.6650831353919244
567 198 630 202 0.6650831353919244
567 197 630 198 1.3301662707838489
567 197 630 197 0.0
567 196 630 197 0.6650831353919244
567 196 630 196 0.0
567 194 630 196 0.6650831353919244
567 193 630 194 2.6603325415676977
567 192 630 193 0.6650831353919244
567 188 630 192 34.58432304038004
