86 424 102 429 27.25598526703499
102 296 118 429 404.41988950276243
140 426 156 429 22.83609576427256
156 284 172 429 439.7790055248619
194 426 210 429 21.36279926335175
210 278 226 429 458.9318600368324
249 424 265 429 25.78268876611418
265 238 280 429 575.3222836095764
303 424 319 429 28.7292817679558
319 236 335 429 579.7421731123388
357 426 373 429 19.88950276243094
373 255 389 429 525.2302025782689
411 426 427 429 22.83609576427256
427 208 443 429 662.2467771639042
465 424 481 429 25.78268876611418
481 223 497 429 619.5211786372007
520 426 535 429 22.83609576427256
535 222 551 429 620.9944751381215
574 342 590 429 268.8766114180479
590 104 606 429 968.6924493554328
628 252 644 429 535.5432780847145
644 32 660 429 1183.793738489871
