86 26 95 224 2722.7324913892076
95 178 103 224 633.7543053960962
110 98 118 224 1735.9357060849597
118 155 127 224 945.4649827784156
134 166 142 224 799.0815154994258
142 206 150 224 253.50172215843853
158 179 166 224 619.9770378874854
166 50 174 224 2397.2445464982775
181 187 190 224 507.00344431687705
190 22 198 224 2783.00803673938
205 200 213 224 330.65442020665887
213 212 222 224 170.8381171067738
229 207 237 224 231.45809414466135
237 202 245 224 308.61079219288166
252 208 261 224 220.43628013777257
261 216 269 224 110.21814006888629
276 208 284 224 215.26980482204354
284 209 293 224 203.9035591274398
300 211 308 224 181.8599311136622
308 210 316 224 192.881745120551
323 212 332 224 170.8381171067738
332 220 340 224 60.61997703788754
347 214 355 224 132.26176808266345
355 106 364 224 1627.4397244546499
