64 158 76 271 6.473384030418252
81 129 94 271 8.127376425855514
99 149 111 271 6.986692015209126
116 146 129 271 7.157794676806084
134 101 146 271 9.724334600760457
151 130 164 271 8.070342205323195
169 134 181 271 7.842205323193918
186 153 199 271 6.758555133079849
204 114 216 271 8.982889733840306
221 133 234 271 7.899239543726237
239 142 251 271 7.385931558935362
256 118 269 271 8.754752851711029
274 119 286 271 8.69771863117871
291 116 304 271 8.868821292775667
309 124 321 271 8.412547528517111
326 128 339 271 8.184410646387834
344 121 356 271 8.583650190114069
361 128 374 271 8.184410646387834
379 108 391 271 9.325095057034222
396 97 409 271 9.952471482889734
414 117 426 271 8.811787072243348
431 92 444 271 10.237642585551331
449 100 461 271 9.781368821292777
466 112 479 271 9.096958174904945
484 60 496 271 12.062737642585553
501 100 514 271 9.781368821292777
519 78 531 271 11.036121673003803
536 62 549 271 11.925855513307985
554 95 566 271 10.066539923954373
