57 331 69 334 0.1758442348646184
69 327 81 334 0.3097048980833575
81 263 93 334 3.059933069668391
93 321 105 334 0.5652570733191348
122 276 134 334 2.500152114390021
134 241 145 334 3.9726194097961667
145 71 157 334 11.237602677213262
157 196 169 334 5.907514450867051
186 331 198 334 0.1758442348646184
198 333 210 334 0.07849102525098929
210 323 222 334 0.49224216610891236
222 327 234 334 0.3218740492850608
251 305 263 334 1.2832369942196533
263 304 275 334 1.3197444478247633
275 246 286 334 3.765743839367204
286 275 298 334 2.5366595679951307
315 329 327 334 0.23668999087313505
327 324 339 334 0.443565561302099
339 319 351 334 0.6747794341344696
351 322 363 334 0.5409187709157282
380 294 392 334 1.745664739884392
392 285 404 334 2.110739275935502
404 52 416 334 12.05293580772741
416 238 428 334 4.106480073014907
445 300 456 334 1.4901125646486149
456 292 468 334 1.8186796470946145
468 163 480 334 7.306966839062975
480 269 492 334 2.804380894432614
509 297 521 334 1.6239732278673564
521 291 533 334 1.8673562519014304
533 208 545 334 5.396410100395497
545 274 557 334 2.573167021600243
