61 220 81 228 -0.7623363544813699
90 220 110 222 -0.2789526686807662
138 161 158 220 4.766769865841074
167 171 188 220 3.974200206398348
215 76 235 220 11.833849329205368
244 116 265 220 8.531475748194016
292 83 312 220 11.20639834881321
322 115 342 220 8.597523219814242
369 118 390 220 8.300309597523219
399 116 419 220 8.531475748194016
446 92 467 220 10.446852425180598
476 114 496 220 8.663570691434469
524 170 544 220 4.007223942208462
553 200 573 220 1.530443756449948
601 130 621 220 7.342621259029928
630 151 650 220 5.5923632610939125
