87 56 96 133 50.01007049345418
110 87 119 133 30.03021148036254
133 102 142 133 20.362537764350453
156 118 165 133 10.050352467270896
179 133 188 149 -10.122860020140976
202 133 211 172 -24.51695199731453
226 133 234 172 -24.731789191003692
249 133 257 173 -25.161463578382005
272 133 281 172 -24.94662638469284
295 133 304 181 -30.532393420610944
318 133 327 180 -29.88788183954347
341 133 350 179 -29.243370258476
364 133 373 180 -29.88788183954347
387 133 396 195 -39.7703927492447
410 133 419 195 -39.7703927492447
433 133 442 195 -39.55555555555556
457 133 465 203 -44.49681101040617
480 133 488 211 -49.867740852635116
503 133 512 211 -49.867740852635116
526 133 535 226 -59.5354145686472
549 133 558 257 -79.730110775428
