68 368 76 385 5.359408033826632
78 363 86 385 6.892177589851996
97 346 105 385 12.17758985200845
107 381 115 385 1.1839323467230314
125 305 133 385 25.14006342494714
135 371 143 385 4.143763213530654
153 233 161 385 47.893763213530654
164 352 172 385 10.195560253699783
182 92 190 385 93.16455696202533
192 299 200 385 27.122093023255808
210 44 218 385 108.12111801242237
221 239 229 385 46.07029598308668
239 29 247 385 112.85714285714286
249 233 257 385 48.012684989429175
267 142 275 385 77.27272727272728
277 252 285 385 41.98731501057082
295 123 303 385 83.35443037974683
306 170 314 385 68.18181818181819
324 214 332 385 53.99841437632135
334 223 342 385 51.144291754756864
352 227 360 385 49.915433403805494
363 214 371 385 54.15697674418604
381 283 389 385 32.15644820295982
391 142 399 385 77.27272727272728
409 324 417 385 18.99577167019027
419 252 427 385 41.98731501057082
437 359 445 385 8.054968287526421
448 261 456 385 39.13319238900634
466 353 474 385 9.957716701902742
476 296 484 385 28.033826638477798
494 375 502 385 2.98097251585623
505 327 513 385 18.123678646934454
523 381 531 385 1.1839323467230314
533 356 541 385 9.006342494714582
551 377 559 385 2.241014799154333
561 305 569 385 25.179704016913313
579 377 587 385 2.241014799154333
590 365 598 385 6.257928118393222
608 380 616 385 1.3953488372092953
618 365 626 385 6.152219873150099
636 384 644 385 0.12684989429174756
647 362 655 385 7.10359408033826
