79 708 109 708 2.6139994191112237
79 707 109 708 10.317054247085196
79 706 109 707 85.44574195385933
79 706 109 706 0.8544574195385932
79 681 109 706 2.5633722586157797
79 678 109 681 4.272287097692966
79 678 109 678 -1.7089148390771864
113 708 144 708 1.742666279407473
113 707 144 708 10.317054247085196
113 706 144 707 81.17345485616636
113 705 144 706 5.126744517231559
113 681 144 705 1.7089148390771864
113 678 144 681 3.417829678154373
113 678 144 678 0.0
148 708 179 708 2.6139994191112237
148 707 179 708 13.069997095556118
148 706 179 707 132.42629094916225
148 705 179 706 3.4178296781543738
148 667 179 705 3.417829678154373
148 663 179 667 4.272287097692966
148 662 179 663 -1.7089148390771864
183 708 214 708 4.356665698518697
183 707 214 708 11.327330816148645
183 706 214 707 126.36071041156634
183 705 214 706 4.272287097692967
183 668 214 705 4.272287097692966
183 665 214 668 4.272287097692966
183 664 214 665 -1.7089148390771864
218 708 248 708 3.4853325588149744
218 707 248 708 12.198663955852368
218 706 248 707 122.90912929308169
218 704 248 706 5.981201936770153
218 668 248 704 3.417829678154373
218 665 248 668 4.272287097692966
218 664 248 665 -0.8544574195385932
253 708 283 708 5.227998838222447
253 707 283 708 3.4853325588149744
253 706 283 707 150.72428688294082
253 705 283 706 2.5633722586157806
253 662 283 705 3.417829678154373
253 660 283 662 4.272287097692966
253 659 283 660 -0.8544574195385932
288 708 318 708 5.0847457627118615
288 707 318 708 7.627118644067792
288 703 318 707 187.28403226662877
288 702 318 703 1.7089148390771847
288 648 318 702 15.38023355169468
288 646 318 648 3.417829678154373
288 644 318 646 -0.8544574195385932
323 708 353 708 16.555329654371064
323 707 353 708 5.227998838222447
323 706 353 707 160.35957858017744
323 704 353 706 5.9812019367701525
323 658 353 704 3.417829678154373
323 656 353 658 3.417829678154373
323 652 353 656 -0.8544574195385932
358 708 388 708 11.830985915492988
358 702 388 708 12.676056338028218
358 698 388 702 304.81889915396636
358 697 388 698 0.8544574195385906
358 608 388 697 17.089148390771864
358 604 388 608 18.798063229849053
358 601 388 604 0.0
393 708 423 708 5.152709359605922
393 702 423 708 11.14285714285711
393 701 423 702 458.25682548724365
393 700 423 701 2.5633722586157823
393 566 423 700 3.417829678154373
393 563 423 566 21.361435488464828
393 562 423 563 -1.7089148390771864
428 704 458 708 9.207589285714334
428 697 458 704 16.74107142857156
428 692 458 697 709.0494765176787
428 692 458 692 2.5633722586157788
428 484 458 692 16.23469097123327
428 480 458 484 24.779265166619204
428 477 458 480 11.962403873540305
463 701 493 708 10.12088838909176
463 690 493 701 26.14562833848754
463 685 493 690 951.0690166340939
463 685 493 685 -0.8544574195385906
463 407 493 685 17.94360581031045
463 400 493 407 37.596126459698105
463 396 493 400 23.070350327542016
497 699 528 708 29.051552264312022
497 686 528 699 25.633722586157774
497 680 528 686 1538.023355169467
497 680 528 680 0.0
497 230 528 680 17.94360581031046
497 223 528 230 46.14070065508404
497 214 528 223 29.906009683850762
532 694 563 708 11.653718091009978
532 683 563 694 39.93606900905388
532 676 563 683 1859.1176496622
532 676 563 676 0.0
532 132 563 676 23.252045581320118
532 121 563 132 38.4505838792367
532 117 563 121 46.14070065508403
567 691 598 708 33.352837916910175
567 679 598 691 39.49678174371002
567 669 598 679 1969.7576361464398
567 668 598 669 2.6139994191112237
567 91 598 668 34.84938792011114
567 80 598 91 40.159498718313884
567 70 598 80 58.10310452862434
602 684 632 708 29.906009683850698
602 669 632 684 48.26654471718848
602 656 632 669 2003.4291301267297
602 656 632 656 0.8713331397037507
602 69 632 656 44.4379901248908
602 55 632 69 53.66432687012535
602 46 632 55 80.31899743662777
637 685 667 708 41.0139561378528
637 672 667 685 35.40318574124376
637 659 667 672 2016.511873464821
637 659 667 659 -0.8713331397037507
637 69 667 659 47.051989544002055
637 58 667 69 44.02903517288874
637 46 667 58 77.75562517801198
672 690 702 708 77.755625178012
672 681 702 690 28.197094844773574
672 664 702 681 1140.5465069616894
672 664 702 664 0.0
672 330 702 664 59.11171007049471
672 322 702 330 29.906009683850762
672 299 702 322 61.52093420677871
