82 326 98 409 1.0275689223057642
99 332 116 409 0.9523809523809522
117 327 133 409 1.0213032581453632
157 328 173 409 1.0025062656641603
174 328 191 409 1.0087719298245612
192 332 209 409 0.9649122807017542
232 326 249 409 1.0338345864661653
250 314 266 409 1.1779448621553883
268 325 284 409 1.0463659147869673
308 327 324 409 1.0213032581453632
325 326 342 409 1.0338345864661653
343 326 359 409 1.0275689223057642
383 321 400 409 1.0964912280701753
401 326 417 409 1.0275689223057642
418 317 435 409 1.1466165413533833
459 326 475 409 1.0338345864661653
476 330 493 409 0.9774436090225562
494 323 510 409 1.0714285714285712
534 330 550 409 0.9774436090225562
552 326 568 409 1.0275689223057642
569 324 586 409 1.0526315789473684
609 323 626 409 1.0714285714285712
627 316 643 409 1.1591478696741853
645 332 661 409 0.9523809523809522
685 329 701 409 0.9962406015037593
702 320 719 409 1.1090225563909772
720 336 736 409 0.9085213032581452
