31 40 42 158 22.519083969465647
42 108 52 158 9.63740458015267
68 40 79 158 22.471374045801525
79 39 89 158 22.709923664122137
105 120 116 158 7.251908396946566
116 116 126 158 8.110687022900763
142 148 153 158 1.9083969465648865
153 96 163 158 11.736641221374045
179 132 190 158 4.914122137404583
190 135 200 158 4.389312977099239
216 152 227 158 1.192748091603054
227 108 237 158 9.63740458015267
253 132 264 158 4.86641221374046
264 104 274 158 10.257633587786259
290 50 301 158 20.515267175572518
301 158 311 158 0.09541984732824432
327 151 338 158 1.3358778625954204
338 85 348 158 13.883587786259543
