56 301 68 353 22.259109311740886
68 299 80 353 23.122807017543856
80 169 92 353 79.26315789473684
92 280 104 353 31.068825910931185
121 312 133 353 17.249662618083683
133 298 145 353 23.295546558704466
145 249 157 353 44.71524966261808
157 279 169 353 31.759784075573545
186 328 198 353 10.512820512820513
198 328 210 353 10.340080971659928
210 316 221 353 15.86774628879891
221 303 233 353 21.222672064777335
250 272 262 353 34.86909581646423
262 285 274 353 29.16869095816464
274 194 286 353 68.38056680161944
286 228 298 353 53.524966261808366
315 265 327 353 37.805668016194325
327 263 339 353 38.496626180836714
339 38 351 353 135.74898785425103
351 216 362 353 59.05263157894737
379 266 391 353 37.28744939271255
391 268 403 353 36.42375168690958
403 106 415 353 106.55600539811067
415 226 427 353 54.56140350877193
444 298 456 353 23.64102564102563
456 283 468 353 30.032388663967605
468 252 480 353 43.333333333333336
480 279 492 353 31.58704453441296
509 314 521 353 16.385964912280713
521 324 532 353 12.412955465587036
532 259 544 353 40.224021592442654
544 295 556 353 24.677462887989208
