102 187 161 403 0.5465587044534411
102 10 161 187 0.4478744939271255
102 10 161 10 0.0
102 10 161 10 0.0
247 309 306 403 0.23785425101214572
247 217 306 309 0.23195006747638314
247 96 306 217 0.30701754385964913
247 10 306 96 0.2176113360323887
392 58 451 403 0.8729757085020241
392 10 451 58 0.12145748987854255
392 10 451 11 -0.001686909581646412
392 10 451 11 0.0029520917678812486
538 200 596 403 0.5136639676113359
538 10 596 200 0.4807692307692307
538 10 596 10 0.0
538 9 596 10 0.0025303643724696734
683 50 741 403 0.8932186234817813
683 50 741 50 -0.0008434547908232615
683 10 741 50 0.10278099093888571
683 10 741 10 -0.0007229612492770654
