117 251 140 251 0.3306240528999001
131 251 153 251 0.3306240528999001
144 248 167 251 4.876704780272804
158 251 180 251 0.3306240528999001
222 251 244 251 0.7439041190246871
235 58 258 251 239.6197823391652
249 251 272 251 0.7439041190246871
262 204 285 251 58.603113376498186
326 251 349 251 0.3306240528999001
340 251 363 251 0.7439041190246871
354 199 376 251 64.80231436837035
367 251 390 251 0.7439041190246871
431 251 454 251 0.3306240528999001
445 239 467 251 16.03526656564269
458 41 481 251 261.52362584378017
472 245 494 251 7.769665243146489
536 182 558 251 85.87959774073568
549 251 572 251 0.7439041190246871
563 216 585 251 44.551591128254614
576 251 599 251 1.1571841851495095
640 168 663 251 103.23736051797772
654 240 676 251 14.795426367268258
667 212 690 251 49.09767185562752
681 245 704 251 7.769665243146489
