2 320 16 320 2.1164021164020683
19 320 33 320 -0.4232804232804714
36 319 50 320 3.386243386243338
53 314 66 320 16.084656084656036
70 317 83 320 8.465608465608417
87 317 100 320 8.465608465608417
104 312 117 320 21.164021164021115
121 313 134 320 18.624338624338574
138 317 151 320 8.465608465608417
154 317 168 320 8.465608465608417
171 316 185 320 11.005291005290957
188 311 202 320 23.703703703703653
205 312 219 320 21.164021164021115
222 315 235 320 13.544973544973496
239 309 252 320 28.78306878306873
256 315 269 320 13.544973544973496
273 305 286 320 38.94179894179889
290 309 303 320 28.78306878306873
306 300 320 320 51.64021164021159
323 307 337 320 33.86243386243381
340 301 354 320 49.10052910052905
357 263 371 320 145.6084656084656
374 233 387 320 221.79894179894183
391 258 404 320 158.3068783068783
408 240 421 320 204.02116402116405
425 236 438 320 214.1798941798942
442 242 455 320 200.21164021164023
459 218 472 320 259.8941798941799
475 233 489 320 221.79894179894183
492 213 506 320 272.5925925925926
509 171 523 320 379.2592592592593
526 212 540 320 275.13227513227514
543 182 556 320 351.32275132275134
560 165 573 320 394.49735449735454
577 188 590 320 336.0846560846561
594 117 607 320 516.4021164021163
611 159 624 320 409.7354497354498
628 76 641 320 620.5291005291004
644 101 658 320 557.037037037037
661 31 675 320 734.8148148148148
678 111 692 320 531.6402116402116
695 191 709 320 328.4656084656085
