124 214 137 354 0.883264633140973
137 224 149 354 0.8213726298433638
149 255 162 354 0.6230008244023085
184 205 197 354 0.9403957131079969
197 260 209 354 0.5914880461665294
209 272 222 354 0.5150865622423744
244 233 257 354 0.7626545754328115
257 260 269 354 0.5896743610882113
269 262 282 354 0.5785655399835121
304 131 317 354 1.4101401483924154
317 225 329 354 0.810943940643034
329 241 342 354 0.7118713932399012
364 70 377 354 1.7973619126133553
377 266 389 354 0.5515869744435287
389 92 402 354 1.6577081615828526
424 111 437 354 1.537098103874691
437 231 449 354 0.7737633965375106
449 181 462 354 1.0927452596867273
484 121 497 354 1.4736191261335532
497 248 509 354 0.6690230832646333
509 179 522 354 1.1054410552349547
