81 325 91 339 31.0
91 330 100 339 46.0
100 329 109 339 33.0
140 320 150 339 60.0
150 331 159 339 26.0
159 339 168 339 3.0
200 309 209 339 96.0
209 337 218 339 8.0
218 338 227 339 5.0
259 213 268 339 407.0
268 332 277 339 25.0
277 338 286 339 4.0
318 149 327 339 612.0
327 309 336 339 95.0
336 334 346 339 18.0
377 235 386 339 336.0
386 195 395 339 464.0
396 295 405 339 142.0
436 293 445 339 148.0
445 32 454 339 990.0
455 205 464 339 433.0
495 323 504 339 50.0
504 87 514 339 812.0
514 231 523 339 348.0
554 330 563 339 30.0
564 282 573 339 184.0
573 299 582 339 128.0
613 335 623 339 14.0
623 331 632 339 27.0
632 333 641 339 20.0
672 330 682 339 30.0
682 321 691 339 58.0
691 328 700 339 36.0
