60 472 73 518 2.103448275862069
73 429 86 518 1.224137931034483
86 438 98 518 1.5183189655172415
98 461 111 518 2.327586206896552
122 471 134 518 1.896551724137931
134 438 147 518 1.2500000000000004
147 446 160 518 1.5862068965517242
160 458 172 518 2.103448275862069
183 476 196 518 1.886853448275862
196 256 208 518 1.130387931034483
208 446 221 518 28.94791666666667
221 79 233 518 6.830508474576272
244 470 257 518 2.413793103448276
257 415 270 518 1.2790948275862073
270 426 282 518 1.4568965517241381
282 463 295 518 2.689655172413793
306 470 318 518 1.7672413793103448
318 186 331 518 1.2790948275862073
331 451 344 518 2.568965517241379
344 420 356 518 8.689655172413794
367 470 380 518 6.627118644067798
380 112 392 518 1.2790948275862073
392 264 405 518 4.982456140350877
405 328 417 518 20.66666666666667
428 472 441 518 2.4827586206896552
441 313 454 518 1.224137931034483
454 423 466 518 1.8189655172413794
466 449 479 518 5.362068965517242
490 470 502 518 2.785560344827586
502 388 515 518 1.2758620689655176
515 412 527 518 1.9224137931034484
527 445 540 518 3.403508771929824
551 470 564 518 2.1293103448275863
564 272 576 518 1.2758620689655176
576 437 589 518 2.310344827586207
589 430 601 518 6.423728813559323
612 470 625 518 3.7719298245614032
625 393 637 518 1.2661637931034486
637 374 650 518 1.020474137931035
650 480 663 518 3.2620614035087714
