48 301 55 330 0.9664349666657636
55 246 61 330 3.3653983624473223
61 230 68 330 4.874764286044472
68 226 75 330 5.297584308029728
75 182 82 330 14.373712448986973
82 165 88 330 21.137525309862003
88 142 95 330 35.616541719712245
95 250 102 330 3.0734644880707105
102 124 108 330 53.57830946288057
118 265 125 330 2.1869917817436932
125 219 131 330 6.209296041451562
131 197 138 330 10.2279336953765
138 207 145 330 8.15205695055479
145 144 152 330 34.036712668407866
152 132 158 330 44.686099395200664
158 126 165 330 50.816042924444254
165 182 172 330 14.373712448986973
172 94 178 330 105.8159421780804
188 245 195 330 3.442615731330592
195 189 201 330 12.263218408263247
201 179 208 330 15.3859799474415
208 178 215 330 15.739003501053805
215 126 221 330 51.59039937293123
221 117 228 330 62.79911097427391
228 104 235 330 83.70403250593287
235 145 242 330 33.32993324115555
242 75 248 330 164.06821552114562
258 224 265 330 5.543474023440692
265 172 271 330 18.033899760065037
271 160 278 330 23.6763357558128
278 159 285 330 24.219577344167075
285 117 291 330 62.79911097427391
291 104 298 330 84.33938003550678
298 95 305 330 103.44250602413078
305 116 312 330 64.24000491769274
312 61 318 330 222.01656880304125
328 205 335 330 8.53043827438716
335 150 341 330 29.70538524555389
341 141 348 330 36.43374531468798
348 145 355 330 33.273274166175
355 105 361 330 82.44766003890086
361 95 368 330 104.22767656714741
368 73 375 330 170.39018365938026
375 95 382 330 103.61865210088074
382 49 388 330 291.480982830713
398 187 405 330 12.83242110690833
405 134 411 330 42.70397551103532
411 131 418 330 45.711399418953114
418 130 425 330 46.40796914127604
425 97 431 330 98.85414712497905
431 87 438 330 124.96822916505018
438 73 445 330 170.39018365938026
445 87 452 330 122.83679111828692
452 42 458 330 344.23794288331896
