112 367 130 368 0.3661971830985914
134 367 153 368 0.3661971830985914
157 95 176 368 99.95352112676055
200 367 219 368 0.3661971830985914
223 367 242 368 0.3661971830985914
246 48 265 368 117.1830985915493
289 136 308 368 84.95774647887325
312 96 331 368 99.6056338028169
335 367 354 368 0.3661971830985914
378 134 397 368 85.69014084507042
401 129 420 368 87.52112676056338
424 367 443 368 0.3661971830985914
467 147 486 368 80.92957746478874
490 140 509 368 83.49295774647888
513 367 532 368 0.3661971830985914
556 196 575 368 62.98591549295774
579 166 598 368 73.97183098591549
602 367 621 368 0.3661971830985914
