93 221 114 471 0.24068909260410193
114 221 135 471 0.2410697638284649
154 199 176 471 0.2574386264760721
176 201 196 471 0.25591594157862024
216 156 237 471 0.2901763517712865
237 158 258 471 0.28865366687383465
278 132 298 471 0.3088292417650714
298 133 320 471 0.30806789931634554
339 206 360 471 0.2524899005593536
360 201 381 471 0.25591594157862024
400 164 422 471 0.28408561218147915
422 159 442 471 0.28789232442510876
462 131 483 471 0.3092099129894344
483 131 504 471 0.3092099129894344
524 166 544 471 0.2825629272840273
544 166 566 471 0.2825629272840273
585 124 606 471 0.31453931013051584
606 126 627 471 0.313016625233064
646 276 668 471 0.19881525792417654
668 274 688 471 0.20033794282162837
