64 169 76 322 4.707096774193548
76 146 89 322 5.419354838709677
107 162 120 322 4.926451612903226
120 132 132 322 5.84516129032258
150 159 163 322 5.016774193548387
163 122 176 322 6.16258064516129
194 153 207 322 5.194838709677419
207 122 219 322 6.16258064516129
238 156 250 322 5.112258064516129
250 122 263 322 6.16258064516129
281 144 294 322 5.481290322580645
294 124 306 322 6.1006451612903225
325 149 337 322 5.3264516129032256
337 108 350 322 6.596129032258064
368 148 381 322 5.36
381 105 393 322 6.689032258064516
412 143 424 322 5.5045161290322575
424 138 437 322 5.667096774193548
455 151 468 322 5.264516129032258
468 123 480 322 6.131612903225807
499 153 511 322 5.20258064516129
511 105 524 322 6.689032258064516
542 139 555 322 5.636129032258064
555 123 567 322 6.131612903225807
586 145 598 322 5.450322580645161
598 109 611 322 6.56516129032258
629 140 642 322 5.605161290322581
642 99 654 322 6.877419354838708
673 118 685 322 6.2864516129032255
685 89 698 322 7.184516129032258
