122 392 135 516 58.95348837209302
135 377 148 516 66.31970260223049
148 402 160 516 54.06976744186046
160 444 173 516 34.19753086419753
173 418 185 516 46.627906976744185
185 234 198 516 134.97607655502392
217 180 230 516 160.81339712918663
230 159 243 516 171.10047846889952
243 42 255 516 227.08133971291866
255 334 268 516 87.60765550239236
268 254 280 516 125.40669856459331
280 250 293 516 127.79904306220097
312 414 325 516 48.48837209302326
325 466 338 516 23.580246913580247
338 464 350 516 24.320987654320987
350 311 363 516 98.3732057416268
363 311 375 516 98.3732057416268
375 498 388 516 8.811995386389857
407 499 420 516 8.119953863898507
420 513 433 516 1.6608996539792484
433 514 445 516 1.1995386389850158
445 440 458 516 36.666666666666664
458 446 470 516 33.45679012345679
470 516 483 516 0.27681660899655014
502 516 515 516 0.046136101499433764
515 516 528 516 0.27681660899655014
528 516 540 516 0.27681660899655014
540 481 553 516 16.4244521337947
553 510 565 516 3.0449826989619466
565 516 578 516 0.27681660899655014
597 516 610 516 0.27681660899655014
610 516 623 516 0.5074971164936666
623 516 635 516 0.046136101499433764
635 512 648 516 2.064590542099202
648 516 660 516 0.5074971164936666
660 516 673 516 0.046136101499433764
