69 78 79 450 89.22413793103448
81 177 92 450 65.51724137931035
94 236 104 450 51.508620689655174
106 349 117 450 24.329501915708825
119 395 129 450 13.43390804597702
131 395 141 450 13.43390804597702
143 430 154 450 5.052681992337171
156 437 166 450 3.256704980842918
168 431 179 450 4.813218390804604
181 440 191 450 2.6580459770115
213 153 223 450 71.26436781609196
225 290 236 450 38.45785440613028
238 320 248 450 31.273946360153268
250 367 260 450 20.1388888888889
262 413 273 450 9.123563218390812
275 423 285 450 6.609195402298857
287 434 298 450 4.094827586206903
300 439 310 450 2.777777777777784
312 438 322 450 3.1369731800766343
324 438 335 450 3.1369731800766343
357 150 367 450 71.98275862068965
369 292 379 450 38.09865900383143
381 318 392 450 31.752873563218404
394 361 404 450 21.455938697318018
406 414 417 450 8.884099616858245
419 419 429 450 7.567049808429125
431 436 441 450 3.615900383141769
443 441 454 450 2.418582375478933
456 436 466 450 3.496168582375485
468 440 479 450 2.538314176245217
500 126 511 450 77.84961685823754
513 268 523 450 43.72605363984676
525 297 536 450 36.9013409961686
538 345 548 450 25.28735632183909
550 410 560 450 9.722222222222229
562 394 573 450 13.553639846743303
575 434 585 450 4.094827586206903
587 438 598 450 3.017241379310351
600 438 610 450 3.017241379310351
612 440 622 450 2.6580459770115
644 170 655 450 67.19348659003832
657 280 667 450 40.972222222222236
669 338 679 450 27.083333333333343
681 356 692 450 22.772988505747136
694 405 704 450 10.919540229885065
706 391 717 450 14.391762452107288
719 435 729 450 3.735632183908052
731 436 741 450 3.615900383141769
743 443 754 450 1.8797892720306573
756 446 766 450 1.2212643678160977
