92 213 106 405 8393.442622950819
106 331 121 405 3234.9726775956283
121 51 135 405 15475.409836065573
135 396 149 405 393.44262295081967
149 398 164 405 284.1530054644809
164 260 178 405 6316.939890710382
190 212 205 405 8415.300546448087
205 300 219 405 4590.163934426229
219 76 233 405 14360.655737704918
233 398 247 405 306.0109289617486
247 398 262 405 306.0109289617486
262 264 276 405 6163.934426229508
288 214 303 405 8371.584699453551
303 282 317 405 5377.049180327869
317 94 331 405 13573.77049180328
331 391 346 405 612.0218579234972
346 394 360 405 459.0163934426229
360 274 374 405 5748.633879781421
387 217 401 405 8218.579234972678
401 263 415 405 6207.650273224043
415 108 430 405 12961.74863387978
430 397 444 405 349.72677595628414
444 393 458 405 524.5901639344262
458 270 472 405 5901.639344262295
485 226 499 405 7825.136612021858
499 235 513 405 7431.693989071038
513 128 528 405 12087.43169398907
528 396 542 405 371.5846994535519
542 392 556 405 546.4480874316939
556 271 571 405 5857.92349726776
