165 151 179 439 47.624309392265204
180 151 195 439 47.624309392265204
196 153 210 439 47.29281767955802
225 411 240 439 4.475138121546963
241 411 255 439 4.419889502762436
256 411 271 439 4.5303867403314895
286 283 300 439 25.690607734806633
301 285 316 439 25.41436464088398
316 285 331 439 25.303867403314925
346 411 361 439 4.475138121546963
361 437 376 439 0.1657458563535912
377 409 391 439 4.806629834254145
406 387 421 439 8.453038674033152
422 437 436 439 0.1657458563535912
437 385 452 439 8.784530386740334
467 359 481 439 13.093922651933706
482 361 497 439 12.81767955801105
498 354 512 439 13.922651933701662
527 411 542 439 4.475138121546963
543 409 557 439 4.751381215469618
558 412 573 439 4.309392265193371
588 426 602 439 1.9889502762430946
603 425 618 439 2.0994475138121587
618 425 633 439 2.0994475138121587
648 426 663 439 1.9889502762430946
663 427 678 439 1.8784530386740306
679 425 693 439 2.0994475138121587
