72 303 82 355 0.36307513104251626
84 275 94 355 0.5587652882935356
97 295 106 355 0.41898660454280745
128 307 137 355 0.33511939429237064
140 306 149 355 0.34630168899242864
152 299 161 355 0.3966220151426911
183 296 192 355 0.41339545719277826
195 312 204 355 0.3015725101921959
207 294 216 355 0.43016889924286544
238 309 248 355 0.3211415259172979
250 309 260 355 0.3211415259172979
262 309 272 355 0.3211415259172979
293 314 303 355 0.2875946418171231
306 321 315 355 0.23727431566686108
318 309 327 355 0.3211415259172979
349 311 358 355 0.30995923121723945
361 309 370 355 0.3211415259172979
373 304 382 355 0.3574839836924871
404 299 413 355 0.39103086779266183
416 283 426 355 0.5084449621432735
428 296 438 355 0.41619103086779263
459 296 469 355 0.41619103086779263
471 294 481 355 0.42737332556785107
484 281 493 355 0.5196272568433316
515 288 524 355 0.4721025043680839
527 300 536 355 0.38543972044263264
539 258 548 355 0.6807221898660456
570 291 579 355 0.45253348864298226
582 302 591 355 0.37425742574257426
594 282 604 355 0.512987769365172
625 305 635 355 0.3518928363424579
637 322 647 355 0.23168316831683186
649 311 659 355 0.30995923121723945
681 54 690 355 2.1075131042516015
693 163 702 355 1.3415259172976124
705 221 714 355 0.9417588817705301
736 284 745 355 0.5000582411182295
748 311 757 355 0.3071636575422251
760 313 769 355 0.29598136284216664
