265 120 273 182
244 127 252 181
59 62 72 181
336 115 347 181
372 120 384 181
137 113 144 181
318 111 329 181
262 119 273 181
153 120 164 181
245 125 255 181
64 67 72 181
189 133 200 182
170 124 181 181
120 90 126 181
340 114 347 181
227 110 236 181
192 131 201 182
341 114 347 181
103 118 109 181
323 111 329 181
84 80 90 182
152 123 158 182
213 113 219 181
158 117 164 181
287 126 292 181
262 122 268 181
372 120 378 181
208 113 213 182
318 111 324 181
305 124 311 182
195 130 201 181
299 131 304 182
378 120 384 182
139 119 145 181
65 67 72 181
171 125 176 182
225 110 231 181
335 117 341 181
231 110 236 182
176 119 182 182
354 121 360 181
41 106 47 181
189 135 195 181
360 119 366 181
59 60 66 182
280 128 286 181
78 83 84 181
243 128 249 182
268 117 274 182
47 110 53 181
249 123 255 181
115 96 121 181
133 106 139 181
97 115 103 181
120 89 127 181
