125 114 130 181
289 134 300 181
107 109 119 181
382 121 391 181
71 105 82 181
184 120 191 181
288 134 300 181
361 129 372 181
270 58 281 181
216 113 227 181
148 129 154 181
325 120 336 181
310 145 316 182
53 127 61 181
239 117 245 181
113 111 119 181
349 138 354 181
385 121 391 181
221 113 227 181
107 109 113 181
343 140 349 181
367 129 372 181
71 104 76 181
307 147 312 181
143 121 149 181
53 126 59 181
270 62 276 181
180 124 185 181
234 116 240 181
379 122 385 182
294 133 300 181
216 114 222 181
58 129 64 181
276 54 281 181
162 134 168 181
324 121 330 181
361 129 366 181
252 139 258 181
330 119 336 181
126 113 131 181
89 113 95 181
95 112 101 181
168 128 174 181
288 135 294 181
77 106 82 181
186 119 191 181
131 108 137 181
312 143 318 181
204 131 210 181
149 133 155 181
257 135 263 181
199 138 204 181
