58 298 93 342
476 228 511 266
163 298 197 341
267 299 302 342
476 258 512 302
162 316 197 352
267 317 302 352
319 164 354 205
319 302 354 346
267 269 303 299
476 269 511 300
633 328 668 356
476 212 511 240
110 269 146 299
476 299 511 356
110 298 145 356
215 327 250 356
424 327 459 356
162 269 198 299
319 153 355 182
58 327 93 356
267 327 302 356
423 66 459 126
476 240 511 269
163 328 198 356
476 182 511 212
319 327 355 356
371 269 407 328
162 299 198 327
423 126 459 270
371 328 407 356
319 212 355 298
58 298 94 327
319 182 355 212
267 299 303 328
319 299 355 328
424 270 459 327
