436 144 448 207
492 88 506 206
370 67 383 207
171 68 186 206
551 48 573 207
197 111 212 207
651 195 662 207
601 189 611 207
576 189 586 207
97 195 107 207
122 195 132 207
475 152 485 207
236 176 245 207
627 139 637 207
349 81 359 207
412 153 421 207
463 134 473 207
639 140 649 206
450 41 460 207
399 82 410 206
387 142 397 207
285 117 295 207
664 82 674 207
488 74 498 207
551 48 561 207
589 109 599 207
424 38 435 207
437 142 447 207
513 46 523 207
210 109 220 207
260 87 270 207
500 91 510 207
248 46 258 206
147 44 157 207
374 55 384 207
323 120 333 207
613 103 624 207
563 48 573 207
273 74 283 207
109 70 119 207
538 144 548 207
361 83 371 207
135 75 145 207
336 73 347 207
185 72 195 207
198 112 207 207
525 64 536 207
311 163 320 207
160 113 169 207
223 70 233 207
172 67 182 207
