379 154 386 163
412 98 418 163
233 148 239 163
194 147 202 162
245 147 257 163
364 143 370 163
62 149 70 163
200 147 205 162
393 152 403 163
282 143 290 163
312 129 322 163
295 154 304 163
411 98 416 163
83 143 90 163
47 123 54 163
45 123 51 163
414 95 420 162
313 129 321 163
50 126 55 163
400 153 405 163
329 156 334 163
294 155 300 163
411 98 416 163
234 149 239 163
333 154 339 163
377 156 383 163
167 156 173 163
417 89 422 162
128 149 134 163
49 124 55 163
62 150 68 163
382 149 388 163
250 146 257 163
394 151 400 163
300 154 306 163
217 134 222 163
161 149 167 163
277 147 284 163
68 143 73 163
183 137 189 163
244 147 250 163
360 146 366 163
150 123 156 163
317 130 323 163
111 139 118 163
101 154 107 163
134 153 139 163
268 19 273 163
194 146 200 163
211 144 216 163
85 147 91 163
350 143 355 163
78 140 84 163
228 141 234 163
365 140 371 163
117 136 123 163
283 140 289 163
95 142 101 163
144 119 150 163
312 130 318 163
262 96 268 163
178 134 183 163
344 51 350 163
