281 413 291 436
662 409 675 436
666 408 675 435
154 386 163 436
456 431 462 436
97 331 111 435
303 338 312 435
181 413 187 435
205 413 213 436
98 331 107 434
610 426 617 436
462 431 469 436
226 335 235 436
386 418 394 435
485 395 492 436
635 425 642 436
465 431 471 436
618 429 624 436
593 430 599 436
559 410 565 436
541 416 547 436
636 423 642 436
457 430 463 436
515 425 522 436
611 426 617 436
413 371 419 436
507 422 513 436
585 429 592 436
568 413 574 436
310 345 316 436
209 411 214 436
200 416 206 436
97 330 103 435
234 343 239 436
534 416 540 436
671 406 677 435
662 410 668 436
285 411 291 436
645 418 651 436
380 417 386 436
175 415 181 435
226 324 232 436
277 415 283 436
131 400 137 436
183 407 189 436
106 326 111 435
406 366 411 435
337 373 342 436
362 327 368 435
490 401 496 436
329 368 334 435
303 330 309 436
149 376 155 435
123 395 129 435
483 392 488 436
439 328 445 435
432 304 437 435
260 328 265 436
363 326 368 435
355 369 360 434
157 392 162 436
252 368 257 435
