119 247 127 465
499 219 511 466
453 272 461 469
502 216 510 465
505 200 512 467
498 217 506 465
233 445 240 464
119 249 126 465
264 289 271 465
167 251 174 465
95 142 102 464
281 444 288 465
457 259 464 466
70 242 79 464
643 116 650 464
740 44 747 464
329 441 336 464
577 438 585 465
239 167 247 464
336 162 344 464
312 102 319 468
619 124 626 463
191 280 198 465
570 160 577 464
288 178 295 465
215 281 222 465
433 360 440 465
450 282 458 465
377 392 385 464
650 369 658 465
402 297 409 464
715 91 722 464
409 399 416 465
522 184 529 465
209 447 216 464
667 113 674 462
257 445 264 465
426 296 433 465
481 432 489 465
384 323 392 465
691 92 698 466
305 443 312 465
143 403 151 465
698 414 706 465
595 142 602 465
602 426 609 465
360 283 367 465
546 169 554 465
529 415 537 465
626 417 634 465
474 226 481 466
354 427 361 465
