645 109 660 321
71 151 87 322
107 151 131 320
686 89 698 321
76 147 88 321
555 123 568 321
281 143 294 321
586 144 599 321
673 116 686 321
368 148 381 321
107 161 119 321
543 138 555 321
412 143 424 321
238 155 250 321
456 150 468 321
599 107 611 321
151 158 163 321
424 138 437 321
325 148 337 321
630 138 642 321
468 123 480 320
63 169 76 321
119 132 132 322
250 121 263 321
499 152 512 320
163 121 175 321
194 152 207 321
381 104 393 321
337 106 350 321
512 104 524 321
207 121 219 321
642 98 655 322
294 125 306 321
