338 320 357 334
252 304 274 334
57 330 69 334
186 331 198 334
315 329 327 334
69 327 81 334
222 327 234 334
339 319 351 334
327 324 339 334
351 322 363 334
210 323 222 334
93 321 105 334
380 293 392 334
403 51 416 332
521 291 533 333
145 71 157 333
509 296 521 333
392 285 404 334
81 262 93 334
444 300 456 334
416 238 427 334
468 163 480 334
456 292 468 334
532 208 544 333
122 276 134 334
157 196 169 334
545 274 556 333
251 305 263 334
286 274 298 334
263 304 274 334
274 246 286 334
480 269 492 333
134 241 145 334
