211 309 233 352
214 308 226 352
315 265 338 352
220 304 233 352
186 328 198 353
121 312 133 352
380 267 392 352
338 38 350 353
444 298 456 352
68 299 80 352
133 298 144 353
391 268 403 352
315 265 327 352
80 169 91 353
403 107 415 352
197 328 209 353
56 301 68 352
415 226 427 352
479 279 491 352
532 259 544 353
286 228 297 353
326 264 338 352
274 194 286 353
456 283 468 352
262 285 274 353
350 216 362 352
209 316 221 353
221 303 233 352
144 249 156 352
509 315 520 353
91 281 103 352
544 295 556 352
156 280 168 352
520 324 532 353
250 272 262 353
468 252 479 352
