94 133 100 328
201 179 215 329
340 144 354 330
80 168 87 328
296 118 308 328
444 66 458 330
364 98 374 327
70 198 80 328
147 137 158 328
411 130 424 328
268 169 275 329
355 104 361 327
74 181 87 327
285 112 293 328
284 111 298 329
225 114 232 328
428 89 438 329
82 161 90 328
355 101 368 328
217 124 228 329
271 158 284 329
305 118 311 330
135 196 143 328
61 235 68 329
431 94 438 327
361 100 368 328
233 142 240 329
341 142 348 329
67 227 74 329
374 91 381 328
398 172 406 330
63 229 72 329
444 84 451 328
425 97 432 328
152 127 159 330
228 108 235 329
368 96 375 327
144 140 151 328
270 163 277 329
298 101 305 327
291 108 298 329
216 122 223 330
88 141 95 329
410 134 418 327
81 161 88 329
355 97 362 332
75 181 81 328
221 117 228 330
381 54 388 327
131 196 138 329
151 134 158 329
234 141 241 328
67 226 75 329
101 124 108 329
55 245 61 329
124 220 131 328
451 44 458 329
278 158 285 328
348 143 355 328
138 206 144 328
404 137 411 328
418 126 425 328
48 301 54 329
171 94 178 330
208 176 215 329
117 264 124 329
284 119 292 328
333 154 341 328
194 189 201 329
201 180 208 329
241 77 248 330
95 249 101 329
311 63 318 326
165 181 171 329
264 172 271 329
257 224 264 329
327 205 334 329
187 244 194 329
397 185 404 329
