354 225 370 382
608 381 615 384
74 362 86 384
523 380 530 385
107 380 115 385
608 380 616 384
551 377 558 384
494 374 501 384
352 227 359 384
79 361 87 384
136 371 144 384
646 361 653 383
69 369 76 384
579 377 587 384
533 356 540 384
618 364 625 384
437 359 445 384
295 125 303 383
210 42 218 385
277 252 285 384
590 364 597 384
239 29 246 384
334 223 342 384
249 233 256 384
153 232 160 384
505 327 512 385
306 169 313 384
363 214 370 384
193 299 200 384
476 296 484 384
561 306 568 385
182 91 189 383
323 214 330 383
448 260 455 384
125 305 132 384
221 239 228 384
164 352 172 384
380 284 388 384
420 251 427 384
391 142 398 383
409 324 416 384
466 353 473 384
267 143 274 382
97 346 104 384
