614 147 629 320
256 313 270 318
89 316 100 320
173 315 184 320
122 312 135 319
223 314 235 320
629 83 651 320
105 312 116 319
54 313 67 319
207 312 219 319
257 314 270 320
189 310 201 319
240 308 253 319
290 308 305 319
273 304 287 319
323 307 338 320
358 263 372 319
307 299 321 320
341 301 356 320
375 233 388 319
392 256 406 319
409 239 423 319
629 77 643 319
459 217 474 319
662 30 677 320
645 99 659 319
696 190 711 319
527 211 541 320
679 109 694 320
544 181 558 320
611 158 626 319
578 187 592 319
426 235 440 319
561 164 575 319
477 233 490 319
595 116 609 320
494 212 507 319
443 241 457 319
510 169 524 320
