118 394 131 448
512 268 522 449
561 396 573 449
423 431 435 450
595 438 611 449
431 438 447 449
168 435 185 449
743 444 754 450
599 438 610 450
587 438 598 449
743 442 754 449
180 440 191 449
612 440 622 449
468 440 479 449
299 439 310 449
312 438 323 450
456 437 466 449
156 437 167 448
718 435 728 449
731 436 741 449
431 436 441 449
287 433 298 449
405 415 416 449
574 433 585 449
143 429 154 449
168 432 179 449
275 423 286 449
324 438 335 449
368 293 379 449
562 395 572 449
93 235 103 450
499 125 509 448
693 405 704 449
131 394 141 448
118 395 129 449
419 419 429 449
656 279 665 449
68 78 79 448
668 338 679 449
381 318 391 448
549 410 559 449
538 345 548 449
81 175 91 449
643 169 653 450
237 318 247 448
511 267 522 449
525 297 535 449
212 152 223 449
706 392 716 449
224 290 235 449
356 151 366 450
393 360 403 448
681 354 691 449
262 412 273 449
106 348 116 448
250 367 260 449
