569 292 580 337
84 328 94 338
628 333 641 337
687 20 716 340
612 334 623 338
337 333 347 338
632 333 642 338
681 321 691 338
671 329 681 338
623 331 633 337
149 331 159 338
91 329 101 337
100 329 110 338
267 331 278 338
553 330 563 338
691 328 701 337
80 325 91 338
494 324 504 338
140 321 149 338
564 282 574 337
199 310 209 338
573 299 583 338
327 309 337 337
396 295 406 338
445 32 455 337
455 204 465 338
376 233 386 338
385 196 396 338
317 148 326 338
504 87 514 338
514 231 524 338
435 293 445 337
258 213 268 338
