326 106 347 522
573 179 583 501
214 167 223 508
625 393 649 517
219 168 230 512
265 417 281 517
258 413 273 518
454 205 467 519
338 83 351 516
210 31 223 522
212 57 224 514
460 198 473 518
274 418 286 520
583 154 595 517
223 173 234 514
147 446 160 518
380 168 392 517
651 481 663 518
99 461 111 517
318 183 330 516
270 426 282 517
589 431 601 517
467 450 479 518
122 471 133 517
576 438 588 518
283 461 295 517
196 256 207 516
86 438 98 517
60 472 72 517
550 469 562 518
305 470 317 518
134 438 147 517
345 421 357 517
563 271 575 517
73 429 85 517
257 415 269 517
406 328 418 517
209 446 221 518
489 470 501 517
331 451 343 518
637 374 650 517
244 471 256 517
453 423 466 517
611 470 623 518
528 444 540 517
428 472 439 517
392 262 405 517
624 393 637 517
366 470 378 517
183 476 194 517
440 313 453 517
502 388 514 518
515 410 527 518
161 458 172 518
