459 327 508 408
616 317 635 408
550 326 587 408
308 328 342 409
158 328 192 409
401 323 436 408
693 325 714 409
98 332 116 409
475 331 493 409
610 322 627 408
626 319 644 408
645 332 663 409
383 321 400 409
307 328 325 409
551 328 569 409
701 322 719 408
174 328 192 409
533 330 551 409
400 326 418 409
342 326 360 409
268 326 286 409
116 328 133 409
325 327 343 409
685 330 702 409
250 315 268 409
458 326 476 409
418 318 435 408
232 325 250 409
493 325 510 409
157 328 175 409
569 325 588 409
719 336 737 409
192 331 211 409
81 325 99 409
