637 680 669 710
569 668 599 680
463 694 494 708
516 145 552 675
218 666 249 693
638 670 668 685
603 45 633 57
673 671 704 687
499 696 529 708
673 300 704 321
218 663 249 670
534 677 564 686
603 50 633 68
533 682 564 704
463 688 494 700
183 663 213 668
673 680 704 690
499 682 529 697
603 45 633 56
463 691 494 706
673 680 704 690
323 651 353 657
428 695 459 707
463 686 494 695
671 302 705 319
567 69 598 82
638 662 669 682
428 697 459 709
673 299 704 323
149 703 179 709
638 56 668 69
604 657 634 671
568 75 598 92
429 475 459 484
358 600 388 608
603 52 633 71
323 703 353 709
569 668 599 679
567 73 598 91
603 74 633 668
497 213 529 226
499 685 529 700
569 677 599 691
218 703 249 709
603 669 634 685
288 703 320 709
533 679 564 694
463 699 494 709
358 698 389 709
638 672 669 685
394 701 424 708
637 45 668 59
463 395 494 407
673 665 704 682
568 86 598 672
603 657 634 670
499 699 529 709
532 116 563 133
673 690 704 709
638 64 667 665
533 138 562 669
218 667 249 703
568 690 599 709
638 659 669 674
637 684 668 709
499 224 528 680
533 694 564 709
603 683 634 709
78 677 108 709
673 323 703 667
183 666 214 707
113 678 144 708
323 656 353 705
358 605 389 699
253 659 284 707
429 480 459 694
394 562 424 701
288 646 319 704
148 664 179 706
464 402 494 688
