516 297 534 353
350 311 361 353
348 312 370 353
250 310 261 353
361 309 371 353
429 297 439 353
348 312 359 353
624 305 636 354
636 322 647 354
404 298 414 353
416 283 426 354
305 321 316 353
526 301 536 354
152 299 162 353
96 294 106 353
760 314 770 353
581 303 591 354
459 296 469 354
513 287 524 353
594 281 604 353
471 294 481 354
569 290 580 353
139 306 150 353
735 284 746 354
208 295 217 353
704 222 715 354
128 307 138 353
692 163 703 353
484 281 494 354
374 305 383 354
238 308 249 353
680 53 691 354
293 314 303 353
183 296 194 353
195 311 205 354
72 303 83 354
263 311 273 353
747 311 757 353
84 275 95 353
649 312 659 354
538 257 549 353
318 310 328 354
